1126073529 1126086553
1126088511 1126098729
1126100142 1126111138
1126164689 1126165915
1126256829 1126264691
1126301250 1126301382
1126301717 1126301897
1126301957 1126302050
1126302274 1126302437
1126302497 1126302557
1126302617 1126304365
1126304777 1126304897
1126305077 1126305197
1126305377 1126305437
1126305557 1126305617
1126306937 1126307057
1126308670 1126309577
1126309637 1126309817
1126309877 1126327397
1126327457 1126328957
1126329017 1126330637
1126330697 1126331060
1126401691 1126401917
1126401977 1126409763
1126409930 1126410042
1126415204 1126420217
1126420277 1126420940
1126423623 1126425848
1126552683 1126552974
1126553154 1126553627
1126553801 1126555046
1126555297 1126575197
1126575257 1126603333
1126626157 1126628100
1126643534 1126645392
1126645951 1126657697
1126657757 1126657817
1126657937 1126659317
1126659377 1126675574
1126686694 1126691334
1126787524 1126788031
1126791209 1126807637
1126807697 1126808537
1126808597 1126808777
1126808837 1126810637
1126810817 1126813757
1126813817 1126813877
1126814057 1126814177
1126814297 1126814357
1126814717 1126816037
1126816097 1126816517
1126816577 1126818437
1126818497 1126818557
1126818677 1126818737
1126818917 1126819517
1126819577 1126820117
1126820477 1126820597
1126820657 1126821917
1126829493 1126830137
1126830197 1126830857
1126830917 1126831277
1126831757 1126832426
1126832717 1126833017
1126833077 1126833137
1126833377 1126833497
1126837277 1126838177
1126838237 1126849861
1126868944 1126871897
1126872077 1126872677
1126872737 1126873457
1126873517 1126873577
1126884724 1126885097
1126885217 1126885877
1126885937 1126886117
1126886177 1126886477
1126886537 1126886597
1126886777 1126886897
1126887137 1126887677
1126887977 1126888037
1126888397 1126888457
1126888517 1126888577
1126888637 1126893057
1126908923 1126909037
1126910657 1126914257
1126915037 1126915097
1126915157 1126915782
1126918131 1126927457
1126927577 1126928357
1126928477 1126932377
1126932497 1126937597
1126937657 1126942368
1126955146 1126963846
1126987925 1126991568
1126994684 1126999495
1127000240 1127001027
1127001172 1127072295
1127072545 1127074207
1127088104 1127089697
1127089757 1127090357
1127090477 1127090537
1127090657 1127091917
1127092037 1127092215
1127094716 1127095447
1127095797 1127096837
1127096897 1127100077
1127100197 1127105477
1127105537 1127108297
1127108357 1127109797
1127109857 1127111417
1127119063 1127119517
1127119577 1127120537
1127120597 1127120670
1127120931 1127123897
1127124017 1127124197
1127124497 1127126633
1127126884 1127128336
1127128872 1127133359
1127166399 1127166797
1127166857 1127167277
1127167337 1127169917
1127169977 1127172026
1127175352 1127175377
1127175437 1127180171
1127180520 1127184737
1127184797 1127189897
1127189957 1127224040
1127234560 1127245757
1127245937 1127245997
1127246237 1127246297
1127246357 1127246537
1127246657 1127246897
1127247017 1127247077
1127247137 1127247377
1127247797 1127247857
1127247917 1127248037
1127248097 1127248817
1127248877 1127249177
1127249297 1127249477
1127249597 1127249657
1127249777 1127252057
1127252117 1127256633
1127258769 1127265437
1127265497 1127271521
1127308159 1127308397
1127308817 1127308877
1127309057 1127309117
1127309357 1127309477
1127309597 1127309717
1127309777 1127310497
1127326812 1127326997
1127327057 1127327357
1127327537 1127328497
1127328557 1127328977
1127329397 1127329457
1127329577 1127329701
1127329989 1127330117
1127330177 1127331295
1127332459 1127332890
1127334068 1127334857
1127334917 1127335037
1127335157 1127335397
1127335457 1127339417
1127339537 1127340017
1127340197 1127340317
1127340437 1127340497
1127340737 1127340797
1127340977 1127341157
1127341397 1127341457
1127341517 1127341817
1127341937 1127342537
1127343197 1127343317
1127343377 1127347097
1127347157 1127347217
1127347277 1127347637
1127348057 1127348117
1127348177 1127348537
1127348597 1127348897
1127348957 1127349257
1127349377 1127350217
1127350277 1127350337
1127350397 1127352257
1127352317 1127352437
1127352497 1127352677
1127352737 1127352848
1127353384 1127353457
1127353577 1127353757
1127353817 1127354057
1127354117 1127354177
1127354297 1127354357
1127354477 1127356637
1127356697 1127356757
1127356817 1127357237
1127357297 1127357357
1127357477 1127357537
1127357717 1127357777
1127358317 1127358377
1127358497 1127358557
1127358737 1127358797
1127359037 1127359097
1127359217 1127359277
1127359397 1127359457
1127359517 1127359577
1127359697 1127360057
1127360117 1127364257
1127364557 1127364677
1127364737 1127367377
1127367437 1127367737
1127368457 1127368517
1127368577 1127368877
1127368937 1127369117
1127369177 1127369237
1127369357 1127378210
1127385080 1127386037
1127386097 1127387357
1127387417 1127387600
1127388136 1127398817
1127399057 1127409172
1127421917 1127421977
1127422397 1127422457
1127422517 1127422577
1127422637 1127423117
1127425104 1127425277
1127425337 1127427137
1127427197 1127428157
1127428217 1127428457
1127428517 1127435297
1127435357 1127435600
1127436136 1127436377
1127436617 1127436677
1127436737 1127436797
1127442977 1127443037
1127443157 1127443217
1127443277 1127443877
1127444177 1127444717
1127444837 1127444897
1127447357 1127447417
1127447537 1127447597
1127447957 1127448257
1127448497 1127448917
1127448977 1127449037
1127449397 1127449457
1127449517 1127449697
1127449877 1127449937
1127450237 1127450417
1127450537 1127451317
1127451557 1127451737
1127451857 1127451917
1127452097 1127452217
1127452397 1127452457
1127452757 1127452817
1127452937 1127452997
1127453057 1127453237
1127453417 1127453477
1127453537 1127453597
1127453657 1127454197
1127454857 1127454917
1127455217 1127455277
1127455337 1127455637
1127455937 1127456117
1127456177 1127458637
1127458697 1127458997
1127459057 1127459117
1127459297 1127459477
1127459597 1127460551
1127464807 1127464895
1127467057 1127467097
1127467157 1127470037
1127470097 1127470757
1127470937 1127471177
1127471357 1127471597
1127471657 1127471717
1127471777 1127473037
1127474988 1127476277
1127476337 1127477237
1127477297 1127479877
1127479937 1127480177
1127480357 1127480537
1127480597 1127480657
1127481571 1127483227
1127497037 1127497073
1127497443 1127497637
1127497757 1127497817
1127497877 1127499077
1127505580 1127506096
1127507785 1127508497
1127512184 1127538416
1127542188 1127565085
1127600564 1127603597
1127603657 1127603897
1127603957 1127604345
1127605981 1127610497
1127610557 1127613326
1127617667 1127634250
1127637592 1127658897
1127664295 1127666082
1127666339 1127668646
1127678215 1127679029
1127688849 1127742709
1127781937 1127797784
1127807931 1127814167
1127976803 1128000259
1128000460 1128007755
1128035545 1128035610
1128036741 1128037349
1128039919 1128072514
1128116549 1128121872
1128122408 1128154234
1128154485 1128171655
1128212167 1128239687
1128240543 1128299091
1128318750 1128320656
1128321192 1128331217
1128331337 1128331817
1128331877 1128351692
1128387596 1128388858
1128389405 1128404000
1128404291 1128406196
1128407435 1128421524
1128422763 1128425941
1128426238 1128432601
1128432991 1128444240
1128445225 1128459298
1128465254 1128466256
1128466792 1128504361
1128538016 1128539723
1128618578 1128641735
1128643606 1128688467
1128688737 1128706899
1128736191 1128740715
1128740835 1128763900
1128771811 1128775559
1128775922 1128776436
1128813341 1128824629
1128824904 1128830762
1128833654 1128837796
1128870937 1128873900
1128876392 1128876769
1128877020 1128880035
1128892523 1128894292
1128894543 1128895813
1128899369 1128904753
1128905004 1128913468
1128913718 1128922731
1128929810 1128929843
1128931801 1128933662
1128933913 1128938925
1128939245 1128940022
1128940272 1128947402
1128947653 1128956513
1128988282 1129003850
1129007625 1129011309
1129035879 1129052629
1129061194 1129061254
1129065876 1129085501
1129087819 1129118969
1129216201 1129218462
1129244960 1129257252
1129273986 1129294718
1129300460 1129301025
1129309612 1129312917
1129328636 1129334437
1129337279 1129341383
1129343797 1129364688
1129365224 1129369936
1129370472 1129381413
1129482594 1129486718
1129488891 1129489149
1129498503 1129498757
1129512383 1129566062
1129619484 1129622068
1129622956 1129627650
1129633206 1129637823
1129638314 1129648547
1129660038 1129661856
1129674847 1129676608
1129684877 1129688795
1129697674 1129701315
1129721697 1129736377
1129742732 1129743298
1129745176 1129745360
1129747226 1129752779
1129755792 1129756505
1129758552 1129760577
1129773438 1129776761
1129786110 1129800917
1129979732 1129986194
1130018622 1130022832
1130023552 1130024424
1130024829 1130025815
1130026512 1130027531
1130027698 1130066791
1130075051 1130078332
1130079126 1130084807
1130086404 1130087544
1130087919 1130088337
1130128678 1130164504
1130170615 1130170740
1130171209 1130184410
1130187911 1130192283
1130196168 1130244155
1130313067 1130313828
1130317454 1130326903
1130327023 1130327143
1130327203 1130330491
1130475459 1130482412
1130499285 1130520620
1130520898 1130545189
1130546106 1130559234
1130572617 1130578448
1130585400 1130594443
1130638260 1130645698
1130667304 1130675171
1130675332 1130688703
1130688763 1130689007
1130723636 1130743336
1130744618 1130753415
1130767176 1130864260
1130875481 1130889650
1130893220 1130895993
1130899824 1130916247
1130942416 1130943617
1130962556 1130965833
1130969522 1130973763
1131145277 1131145874
1131146129 1131148211
1131148462 1131165960
1131166521 1131179534
1131182058 1131190469
1131191403 1131193385
1131269743 1131272860
1131293845 1131298698
1131308708 1131308974
1131309187 1131314499
1131319276 1131334715
1131335337 1131343398
1131347945 1131363871
1131364956 1131372171
1131376954 1131377108
1131377306 1131377916
1131378295 1131387095
1131394911 1131397345
1131397984 1131405141
1131405409 1131426271
1131599292 1131600606
1131600921 1131600974
1131601351 1131616331
1131634229 1131647696
1131648702 1131655927
1131656641 1131665255
1131704322 1131717650
1131718585 1131727640
1131736295 1131737249
1131740269 1131742158
1131747252 1131772337
1131944359 1131950992
1131987041 1131988271
1132013797 1132016316
1132016988 1132026630
1132028897 1132035036
1132046782 1132057611
1132058221 1132064206
1132065388 1132071636
1132073070 1132080829
1132087677 1132090332
1132100563 1132103455
1132108612 1132119479
1132120165 1132141397
1132141457 1132175484
1132175998 1132184025
1132221268 1132223315
1132226225 1132228049
1132260972 1132261506
1132266988 1132273069
1132273787 1132285862
1132286085 1132287599
1132332581 1132333586
1132333862 1132339319
1132339524 1132339955
1132342472 1132342897
1132371569 1132409063
1132503354 1132507118
1132533191 1132535604
1132544875 1132552487
1132577888 1132584111
1132614028 1132615536
1132617927 1132618908
1132620071 1132637904
1132646950 1132652680
1132671127 1132671334
1132674301 1132674954
1132683093 1132683758
1132712719 1132727714
1132730819 1132759465
1132760096 1132814101
1132882261 1132912454
1132920113 1132920656
1132921196 1132997376
1132997396 1132998561
1132999362 1133001559
1133001834 1133008156
1133009482 1133014147
1133053848 1133093673
1133104594 1133111053
1133111593 1133121833
1133122786 1133138731
1133139254 1133165456
1133165992 1133172949
1133180512 1133189215
1133192116 1133194808
1133205088 1133211518
1133216475 1133233383
1133244433 1133245565
1133260208 1133266355
1133286643 1133304337
1133326571 1133341855
1133342326 1133342807
1133343623 1133349541
1133370045 1133370782
1133371055 1133380618
1133442869 1133448890
1133449162 1133457951
1133458164 1133468426
1133585447 1133597643
1133600812 1133617494
1133663139 1133665971
1133674275 1133674482
1133674792 1133692878
1133744521 1133747565
1133752701 1133754942
1133759726 1133771116
1133771371 1133773825
1133775853 1133778771
1133779979 1133801006
1133927365 1133936784
1133937320 1133959471
1133962350 1133966022
1133996639 1134007567
1134007710 1134010574
1134148092 1134156863
1134158208 1134158818
1134159988 1134178122
1134188991 1134195798
1134197896 1134218536
1134267924 1134270634
1134277917 1134278456
1134280603 1134281330
1134282166 1134291628
1134291968 1134292250
1134292579 1134302304
1134303321 1134303823
1134304685 1134330249
1134333088 1134348434
1134352064 1134352637
1134352697 1134355920
1134358570 1134369981
1134376893 1134399476
1134402613 1134408291
1134432422 1134440996
1134441593 1134447815
1134453717 1134458355
1134459903 1134476473
1134487339 1134491248
1134491480 1134497393
1134497641 1134502781
1134503847 1134506057
1134518081 1134528862
1134543174 1134582749
1134583388 1134586485
1134586912 1134589596
1134619148 1134637008
1134637800 1134644028
1134772038 1134774977
1134775097 1134775277
1134784603 1134784757
1134785848 1134788385
1134788583 1134829873
1134863216 1134878382
1134904443 1134910164
1134910838 1134912017
1134912077 1134912137
1134912197 1134918497
1134918737 1134919157
1134919349 1134927677
1134927975 1134928384
1135023264 1135024279
1135033244 1135040786
1135043972 1135048320
1135136228 1135151418
1135151859 1135161704
1135172727 1135173083
1135173442 1135187459
1135192760 1135193716
1135193965 1135195359
1135198866 1135200145
1135200407 1135205052
1135205597 1135234150
1135238726 1135271487
1135446151 1135446251
1135466575 1135466883
1135467084 1135496456
1135516970 1135518960
1135519921 1135545798
1135545994 1135559189
1135560089 1135561114
1135575589 1135586799
1135591973 1135594919
1135617234 1135618455
1135624693 1135651273
1135664857 1135665510
1135677262 1135683893
1135689707 1135698459
1135709692 1135717343
1135737171 1135739089
1135740447 1135752976
1135753512 1135755777
1135776762 1135778720
1135778845 1135788493
1135788794 1135797940
1135799879 1135805676
1135818292 1135822800
1135823087 1135843684
1135853150 1135879736
1135882196 1135891952
1135892959 1135898693
1135913524 1135924188
1135925097 1135925298
1135926070 1135932476
1135933315 1135940911
1135942099 1135943020
1135948563 1135957339
1135968898 1135975834
1135980656 1135991814
1136010436 1136011604
1136011836 1136015277
1136106654 1136109246
1136117801 1136121623
1136121920 1136122686
1136206178 1136208197
1136208384 1136217629
1136262730 1136267888
1136268118 1136284048
1136284585 1136291598
1136293117 1136295892
1136353446 1136372467
1136374361 1136376123
1136376659 1136378815
1136378935 1136378940
1136379681 1136388259
1136388988 1136399182
1136400642 1136406488
1136407251 1136408548
1136426299 1136428437
1136450097 1136458937
1136459854 1136462440
1136463255 1136466239
1136484026 1136497433
1136498548 1136506763
1136514829 1136520310
1136520830 1136522359
1136523774 1136524021
1136524272 1136527335
1136529609 1136532019
1136533358 1136538441
1136539666 1136542511
1136543869 1136548545
1136548895 1136551312
1136582470 1136583128
1136583389 1136584903
1136585203 1136596283
1136597527 1136605693
1136605922 1136622631
1136623494 1136630354
1136630704 1136643463
1136644116 1136645860
1136645993 1136649636
1136799305 1136801202
1136801869 1136803840
1136816633 1136817591
1136818477 1136824858
1136861219 1136865433
1136866393 1136867196
1136879795 1136883216
1136897972 1136910288
1136910824 1136911991
1136912567 1136912601
1136954885 1136956031
1137022361 1137026163
1137210884 1137215120
1137215656 1137248329
1137248762 1137250767
