1126073529 1126114861 41332
1126121462 1126123267 1805
1126123553 1126126832 3279
1126139205 1126139266 61
1126149058 1126155336 6278
1126155799 1126166028 10229
1126251604 1126252133 529
1126252291 1126274322 22031
1126276234 1126281754 5520
1126290026 1126293017 2991
1126293257 1126299137 5880
1126299197 1126299497 300
1126299557 1126301417 1860
1126301717 1126301897 180
1126301957 1126302197 240
1126302257 1126302437 180
1126302497 1126302557 60
1126302617 1126304477 1860
1126304537 1126304597 60
1126304777 1126304897 120
1126305077 1126305197 120
1126305377 1126305437 60
1126305557 1126305617 60
1126306937 1126307057 120
1126308670 1126309577 907
1126309637 1126309817 180
1126309877 1126327397 17520
1126327457 1126328957 1500
1126329017 1126330637 1620
1126330697 1126331060 363
1126401691 1126401917 226
1126401977 1126420217 18240
1126420277 1126426037 5760
1126426496 1126427417 921
1126432226 1126448905 16679
1126470677 1126476499 5822
1126476759 1126480080 3321
1126523802 1126530914 7112
1126533090 1126544642 11552
1126545529 1126575197 29668
1126575257 1126604112 28855
1126611508 1126613091 1583
1126615415 1126629181 13766
1126633397 1126633457 60
1126633637 1126633697 60
1126633877 1126634057 180
1126634117 1126634237 120
1126634417 1126634477 60
1126634537 1126635077 540
1126635137 1126636997 1860
1126637057 1126637117 60
1126637177 1126637357 180
1126637537 1126657697 20160
1126657757 1126657817 60
1126657937 1126659317 1380
1126659377 1126676597 17220
1126676717 1126677317 600
1126682744 1126691793 9049
1126714447 1126715543 1096
1126719918 1126720055 137
1126721736 1126807637 85901
1126807697 1126808537 840
1126808597 1126808777 180
1126808837 1126810637 1800
1126810817 1126813757 2940
1126813817 1126813877 60
1126814057 1126814177 120
1126814297 1126814357 60
1126814717 1126816037 1320
1126816097 1126816517 420
1126816577 1126818437 1860
1126818497 1126818557 60
1126818677 1126818737 60
1126818917 1126819517 600
1126819577 1126820117 540
1126820477 1126820597 120
1126820657 1126821917 1260
1126829493 1126830137 644
1126830197 1126830857 660
1126830917 1126831277 360
1126831757 1126832537 780
1126832717 1126833017 300
1126833077 1126833137 60
1126833377 1126833497 120
1126837277 1126838177 900
1126838237 1126851578 13341
1126855130 1126856957 1827
1126857017 1126871897 14880
1126872077 1126872677 600
1126872737 1126873457 720
1126873517 1126873577 60
1126873697 1126873877 180
1126873937 1126874057 120
1126874177 1126874237 60
1126874297 1126874417 120
1126874477 1126874717 240
1126874777 1126874897 120
1126874957 1126875437 480
1126875557 1126878137 2580
1126878257 1126879217 960
1126879277 1126879397 120
1126879457 1126879697 240
1126879817 1126879877 60
1126880117 1126881137 1020
1126881437 1126881497 60
1126881677 1126881857 180
1126881977 1126882097 120
1126882217 1126882277 60
1126882877 1126883057 180
1126883597 1126883717 120
1126883777 1126884137 360
1126884257 1126885097 840
1126885217 1126885877 660
1126885937 1126886117 180
1126886177 1126886477 300
1126886537 1126886597 60
1126886777 1126886897 120
1126887137 1126887677 540
1126887977 1126888037 60
1126888397 1126888457 60
1126888517 1126888577 60
1126888637 1126893227 4590
1126907957 1126909037 1080
1126910657 1126914257 3600
1126915037 1126915097 60
1126915157 1126915782 625
1126918131 1126927457 9326
1126927577 1126928357 780
1126928477 1126932377 3900
1126932497 1126937597 5100
1126937657 1126944159 6502
1126946249 1126965677 19428
1126965797 1126969223 3426
1126987925 1126991568 3643
1126992216 1127001027 8811
1127001172 1127074604 73432
1127076602 1127076737 135
1127076917 1127079617 2700
1127079677 1127079797 120
1127079917 1127082130 2213
1127087599 1127089697 2098
1127089757 1127090357 600
1127090477 1127090537 60
1127090657 1127091917 1260
1127092037 1127096837 4800
1127096897 1127100077 3180
1127100197 1127105477 5280
1127105537 1127108297 2760
1127108357 1127109797 1440
1127109857 1127111417 1560
1127119063 1127119517 454
1127119577 1127120537 960
1127120597 1127120670 73
1127120931 1127123897 2966
1127124017 1127124197 180
1127124497 1127133359 8862
1127156503 1127156897 394
1127157017 1127158037 1020
1127158097 1127158277 180
1127158457 1127158672 215
1127166399 1127166797 398
1127166857 1127167277 420
1127167337 1127169917 2580
1127169977 1127173517 3540
1127173577 1127173997 420
1127174057 1127174177 120
1127174237 1127175377 1140
1127175437 1127184737 9300
1127184797 1127189897 5100
1127189957 1127224040 34083
1127233630 1127245757 12127
1127245937 1127245997 60
1127246237 1127246297 60
1127246357 1127246537 180
1127246657 1127246897 240
1127247017 1127247077 60
1127247137 1127247377 240
1127247797 1127247857 60
1127247917 1127248037 120
1127248097 1127248817 720
1127248877 1127249177 300
1127249297 1127249477 180
1127249597 1127249657 60
1127249777 1127252057 2280
1127252117 1127256633 4516
1127258769 1127265437 6668
1127265497 1127272523 7026
1127276368 1127276436 68
1127283768 1127284277 509
1127284337 1127286137 1800
1127286617 1127289977 3360
1127290157 1127290937 780
1127290997 1127293757 2760
1127293877 1127293937 60
1127293997 1127294057 60
1127294177 1127296097 1920
1127296157 1127296817 660
1127296877 1127296997 120
1127297117 1127297357 240
1127297417 1127297537 120
1127297777 1127297957 180
1127298017 1127298077 60
1127298137 1127298197 60
1127298257 1127298377 120
1127298437 1127298977 540
1127299037 1127299157 120
1127299277 1127299577 300
1127299697 1127299757 60
1127300237 1127300297 60
1127300477 1127300777 300
1127301437 1127301497 60
1127301797 1127301917 120
1127302037 1127302097 60
1127302157 1127302217 60
1127302277 1127302337 60
1127303357 1127303417 60
1127303657 1127303777 120
1127303837 1127303957 120
1127304197 1127304317 120
1127304437 1127304617 180
1127305517 1127305577 60
1127306177 1127306237 60
1127306717 1127307017 300
1127307317 1127307377 60
1127307977 1127308397 420
1127308817 1127308877 60
1127309057 1127309117 60
1127309357 1127309477 120
1127309597 1127309717 120
1127309777 1127310497 720
1127313255 1127313437 182
1127314097 1127315297 1200
1127315477 1127315597 120
1127315957 1127316017 60
1127316677 1127316737 60
1127317097 1127317997 900
1127318237 1127319617 1380
1127319677 1127319737 60
1127319917 1127320517 600
1127320577 1127320637 60
1127320757 1127320817 60
1127320877 1127320937 60
1127321597 1127321657 60
1127321957 1127322077 120
1127322315 1127322317 2
1127322377 1127322437 60
1127322737 1127322977 240
1127323037 1127323217 180
1127323277 1127325077 1800
1127325137 1127325197 60
1127325437 1127325557 120
1127325617 1127325977 360
1127326037 1127326277 240
1127326337 1127326997 660
1127327057 1127327357 300
1127327537 1127328497 960
1127328557 1127328977 420
1127329397 1127329457 60
1127329577 1127329701 124
1127329989 1127330117 128
1127330177 1127331677 1500
1127331737 1127334857 3120
1127334917 1127335037 120
1127335157 1127335397 240
1127335457 1127339417 3960
1127339537 1127340017 480
1127340197 1127340317 120
1127340437 1127340497 60
1127340737 1127340797 60
1127340977 1127341157 180
1127341397 1127341457 60
1127341517 1127341817 300
1127341937 1127342537 600
1127343197 1127343317 120
1127343377 1127347097 3720
1127347157 1127347217 60
1127347277 1127347637 360
1127348057 1127348117 60
1127348177 1127348537 360
1127348597 1127348897 300
1127348957 1127349257 300
1127349377 1127350217 840
1127350277 1127350337 60
1127350397 1127352257 1860
1127352317 1127352437 120
1127352497 1127352677 180
1127352737 1127353457 720
1127353577 1127353757 180
1127353817 1127354057 240
1127354117 1127354177 60
1127354297 1127354357 60
1127354477 1127356637 2160
1127356697 1127356757 60
1127356817 1127357237 420
1127357297 1127357357 60
1127357477 1127357537 60
1127357717 1127357777 60
1127358317 1127358377 60
1127358497 1127358557 60
1127358737 1127358797 60
1127359037 1127359097 60
1127359217 1127359277 60
1127359397 1127359457 60
1127359517 1127359577 60
1127359697 1127360057 360
1127360117 1127364257 4140
1127364557 1127364677 120
1127364737 1127367377 2640
1127367437 1127367737 300
1127368457 1127368517 60
1127368577 1127368877 300
1127368937 1127369117 180
1127369177 1127369237 60
1127369357 1127386037 16680
1127386097 1127387357 1260
1127387417 1127398817 11400
1127399057 1127420057 21000
1127420957 1127421077 120
1127421317 1127421497 180
1127421917 1127421977 60
1127422397 1127422457 60
1127422517 1127422577 60
1127422637 1127423117 480
1127423177 1127423837 660
1127423957 1127424197 240
1127424257 1127425277 1020
1127425337 1127427137 1800
1127427197 1127428157 960
1127428217 1127428457 240
1127428517 1127435297 6780
1127435357 1127436377 1020
1127436617 1127436677 60
1127436737 1127436797 60
1127436857 1127436917 60
1127436977 1127437037 60
1127437217 1127437397 180
1127438117 1127438177 60
1127438597 1127438837 240
1127439557 1127440517 960
1127440577 1127440757 180
1127440817 1127440997 180
1127441117 1127441177 60
1127441297 1127441357 60
1127442977 1127443037 60
1127443157 1127443217 60
1127443277 1127443877 600
1127444177 1127444717 540
1127444837 1127444897 60
1127447357 1127447417 60
1127447537 1127447597 60
1127447957 1127448257 300
1127448497 1127448917 420
1127448977 1127449037 60
1127449397 1127449457 60
1127449517 1127449697 180
1127449877 1127449937 60
1127450237 1127450417 180
1127450537 1127451317 780
1127451557 1127451737 180
1127451857 1127451917 60
1127452097 1127452217 120
1127452397 1127452457 60
1127452757 1127452817 60
1127452937 1127452997 60
1127453057 1127453237 180
1127453417 1127453477 60
1127453537 1127453597 60
1127453657 1127454197 540
1127454857 1127454917 60
1127455217 1127455277 60
1127455337 1127455637 300
1127455937 1127456117 180
1127456177 1127458637 2460
1127458697 1127458997 300
1127459057 1127459117 60
1127459297 1127459477 180
1127459597 1127466017 6420
1127466077 1127467097 1020
1127467157 1127470037 2880
1127470097 1127470757 660
1127470937 1127471177 240
1127471357 1127471597 240
1127471657 1127471717 60
1127471777 1127473037 1260
1127474988 1127476277 1289
1127476337 1127477237 900
1127477297 1127479877 2580
1127479937 1127480177 240
1127480357 1127480537 180
1127480597 1127480657 60
1127481571 1127483717 2146
1127483777 1127484977 1200
1127485037 1127485157 120
1127485277 1127485337 60
1127485517 1127485637 120
1127485817 1127485928 111
1127486758 1127490664 3906
1127493377 1127494277 900
1127494937 1127495597 660
1127495657 1127495837 180
1127496677 1127496737 60
1127497037 1127497073 36
1127497443 1127497637 194
1127497757 1127497817 60
1127497877 1127499077 1200
1127505580 1127538416 32836
1127542188 1127572338 30150
1127600564 1127603597 3033
1127603657 1127603897 240
1127603957 1127604345 388
1127605981 1127610497 4516
1127610557 1127613783 3226
1127617667 1127634250 16583
1127637592 1127670202 32610
1127672509 1127672621 112
1127677444 1127682859 5415
1127688849 1127743166 54317
1127745666 1127745778 112
1127747340 1127767654 20314
1127781937 1127814167 32230
1127833937 1127836741 2804
1127850018 1127851198 1180
1127931980 1127946147 14167
1127948029 1127952059 4030
1127957843 1127964953 7110
1127966973 1128021672 54699
1128027892 1128100907 73015
1128116370 1128176312 59942
1128212167 1128302784 90617
1128307413 1128307751 338
1128318750 1128331217 12467
1128331337 1128331817 480
1128331877 1128351692 19815
1128387596 1128462211 74615
1128465254 1128527937 62683
1128536518 1128546187 9669
1128618578 1128708736 90158
1128736191 1128740715 4524
1128740835 1128763900 23065
1128771811 1128782611 10800
1128812093 1128837796 25703
1128858247 1128873900 15653
1128876302 1128880792 4490
1128892523 1128897293 4770
1128898889 1128922731 23842
1128929810 1128929843 33
1128931801 1128956513 24712
1128985185 1129003850 18665
1129007625 1129011309 3684
1129035540 1129136348 100808
1129136736 1129152759 16023
1129155660 1129222395 66735
1129230007 1129260383 30376
1129265646 1129294877 29231
1129294937 1129320488 25551
1129328003 1129383056 55053
1129482036 1129493030 10994
1129497350 1129574798 77448
1129609234 1129615584 6350
1129618357 1129627650 9293
1129633206 1129668754 35548
1129674847 1129676608 1761
1129684877 1129703995 19118
1129721697 1129777891 56194
1129786110 1129800917 14807
1129876722 1129882366 5644
1129967744 1129968078 334
1129973230 1129974141 911
1129975046 1129992773 17727
1130018622 1130094286 75664
1130119479 1130164504 45025
1130170615 1130170740 125
1130171209 1130184410 13201
1130187911 1130192283 4372
1130196168 1130244155 47987
1130308697 1130326903 18206
1130327023 1130327143 120
1130327203 1130330491 3288
1130467573 1130482412 14839
1130499285 1130559234 59949
1130572617 1130578448 5831
1130585400 1130603139 17739
1130638260 1130645698 7438
1130655728 1130662123 6395
1130662243 1130662303 60
1130662363 1130688703 26340
1130688763 1130689007 244
1130722395 1130743336 20941
1130744618 1130753415 8797
1130767176 1130864260 97084
1130875481 1130889786 14305
1130893220 1130916520 23300
1130941035 1130965833 24798
1130969522 1131016006 46484
1131054330 1131063881 9551
1131145277 1131179534 34257
1131182058 1131206809 24751
1131258515 1131260214 1699
1131262439 1131272860 10421
1131293845 1131303135 9290
1131308708 1131314499 5791
1131319276 1131387095 67819
1131394911 1131429841 34930
1131599292 1131647696 48404
1131648702 1131665255 16553
1131704322 1131728751 24429
1131733827 1131734169 342
1131736295 1131777449 41154
1131779500 1131780860 1360
1131944359 1131954784 10425
1131957539 1131962150 4611
1131970993 1131988271 17278
1132013797 1132035036 21239
1132042025 1132044354 2329
1132046782 1132071636 24854
1132073070 1132090332 17262
1132100563 1132103455 2892
1132108612 1132141397 32785
1132141457 1132185253 43796
1132197472 1132204774 7302
1132207129 1132287599 80470
1132297123 1132314879 17756
1132317563 1132339955 22392
1132342061 1132347642 5581
1132353344 1132354122 778
1132369810 1132370126 316
1132371569 1132414098 42529
1132478011 1132552703 74692
1132566362 1132591494 25132
1132596048 1132637904 41856
1132646950 1132688789 41839
1132707004 1132814101 107097
1132882261 1132912808 30547
1132920113 1133019999 99886
1133053848 1133093793 39945
1133093951 1133121833 27882
1133122786 1133138731 15945
1133139254 1133172949 33695
1133180512 1133233383 52871
1133244433 1133245565 1132
1133260208 1133304360 44152
1133326571 1133380618 54047
1133442869 1133468426 25557
1133579856 1133625907 46051
1133663139 1133665971 2832
1133674275 1133692878 18603
1133744521 1133747565 3044
1133752701 1133754942 2241
1133759726 1133771116 11390
1133771371 1133773825 2454
1133775853 1133801006 25153
1133927365 1133976064 48699
1133978532 1133979005 473
1133988945 1133991119 2174
1133993497 1133995504 2007
1133996639 1134007567 10928
1134007710 1134010574 2864
1134066213 1134068212 1999
1134074728 1134076535 1807
1134104115 1134156863 52748
1134158208 1134178264 20056
1134188991 1134195798 6807
1134197896 1134222546 24650
1134267924 1134278456 10532
1134280603 1134291628 11025
1134291968 1134292250 282
1134292579 1134302304 9725
1134303321 1134303823 502
1134304685 1134348434 43749
1134352064 1134352637 573
1134352697 1134355920 3223
1134358570 1134416150 57580
1134432422 1134510211 77789
1134518081 1134528862 10781
1134543174 1134673731 130557
1134674804 1134675707 903
1134720521 1134752897 32376
1134752957 1134757699 4742
1134757832 1134768190 10358
1134772038 1134774977 2939
1134775097 1134775277 180
1134784603 1134784757 154
1134784817 1134785117 300
1134785237 1134835439 50202
1134862087 1134878382 16295
1134884408 1134912017 27609
1134912077 1134912137 60
1134912197 1134918497 6300
1134918737 1134919157 420
1134919349 1134927677 8328
1134927975 1134929652 1677
1135021840 1135024394 2554
1135033244 1135057817 24573
1135136228 1135151418 15190
1135151859 1135234150 82291
1135238726 1135364643 125917
1135366079 1135391749 25670
1135411109 1135417372 6263
1135418759 1135446251 27492
1135457586 1135496456 38870
1135516970 1135596211 79241
1135617234 1135651273 34039
1135664857 1135698459 33602
1135703491 1135717343 13852
1135737171 1135770186 33015
1135776762 1135778720 1958
1135778845 1135843684 64839
1135853150 1135898693 45543
1135911179 1135924188 13009
1135925097 1135943020 17923
1135948563 1135965365 16802
1135968898 1135975834 6936
1135980656 1135991814 11158
1136004514 1136024580 20066
1136032651 1136038418 5767
1136090432 1136091020 588
1136106654 1136116366 9712
1136116706 1136122930 6224
1136164549 1136176726 12177
1136180347 1136181264 917
1136192801 1136217629 24828
1136260445 1136304022 43577
1136346535 1136347154 619
1136347704 1136376123 28419
1136376659 1136399182 22523
1136400642 1136408548 7906
1136411629 1136414325 2696
1136414785 1136419210 4425
1136419562 1136428437 8875
1136431145 1136432453 1308
1136432454 1136435017 2563
1136435077 1136435569 492
1136435858 1136462440 26582
1136463255 1136466239 2984
1136476672 1136479761 3089
1136482802 1136527335 44533
1136528553 1136560537 31984
1136560796 1136567007 6211
1136582038 1136584903 2865
1136585203 1136596292 11089
1136597152 1136645860 48708
1136645993 1136650093 4100
1136706986 1136740384 33398
1136799305 1136801202 1897
1136801869 1136803840 1971
1136816633 1136826646 10013
1136861219 1136915389 54170
1136923544 1136927118 3574
1136927550 1136930091 2541
1136953663 1137002455 48792
1137022301 1137030355 8054
1137030507 1137030916 409
1137040346 1137097551 57205
1137122581 1137124012 1431
1137210884 1137253524 42640