1126072156 1126086553 14397
1126088511 1126098729 10218
1126100142 1126111138 10996
1126164689 1126165915 1226
1126234052 1126238906 4854
1126245601 1126245963 362
1126256829 1126264691 7862
1126301250 1126301382 132
1126301683 1126302050 367
1126302274 1126304365 2091
1126304665 1126364087 59422
1126394516 1126409763 15247
1126409930 1126410042 112
1126415204 1126420940 5736
1126423623 1126425848 2225
1126552683 1126552974 291
1126553154 1126553627 473
1126553801 1126555046 1245
1126555297 1126603333 48036
1126626157 1126628100 1943
1126643534 1126645392 1858
1126645951 1126675574 29623
1126686694 1126691334 4640
1126694807 1126703536 8729
1126787524 1126788031 507
1126791209 1126832426 41217
1126832676 1126849861 17185
1126868944 1126873675 4731
1126884724 1126893057 8333
1126908923 1126909411 488
1126909573 1126942368 32795
1126955146 1126963846 8700
1126981243 1126981474 231
1126982036 1126986166 4130
1126986453 1126991792 5339
1126994684 1126999495 4811
1127000240 1127072295 72055
1127072545 1127074207 1662
1127088104 1127092215 4111
1127094716 1127095447 731
1127095797 1127126633 30836
1127126884 1127128336 1452
1127128872 1127135244 6372
1127146272 1127146500 228
1127160141 1127161385 1244
1127163504 1127172026 8522
1127175352 1127180171 4819
1127180520 1127229875 49355
1127234560 1127271521 36961
1127308159 1127311315 3156
1127326812 1127331295 4483
1127332459 1127332890 431
1127334068 1127352848 18780
1127353384 1127378210 24826
1127385080 1127387600 2520
1127388136 1127409172 21036
1127421514 1127423152 1638
1127425104 1127435600 10496
1127436136 1127436818 682
1127442184 1127460551 18367
1127464807 1127464895 88
1127467057 1127480974 13917
1127481224 1127483227 2003
1127496739 1127506096 9357
1127507785 1127508497 712
1127512184 1127565085 52901
1127588468 1127596191 7723
1127596424 1127613326 16902
1127616674 1127658897 42223
1127664295 1127666082 1787
1127666339 1127668646 2307
1127678215 1127679029 814
1127688232 1127742709 54477
1127743815 1127744349 534
1127777841 1127778327 486
1127781074 1127797784 16710
1127807931 1127820439 12508
1127820690 1127822123 1433
1127822932 1127824340 1408
1127824591 1127828337 3746
1127833830 1127833914 84
1127902758 1127903099 341
1127906072 1127922265 16193
1127976803 1128000259 23456
1128000460 1128007755 7295
1128035545 1128035610 65
1128036741 1128037349 608
1128039919 1128072514 32595
1128116549 1128121872 5323
1128122408 1128154234 31826
1128154485 1128171655 17170
1128198165 1128204054 5889
1128204256 1128205107 851
1128207445 1128239687 32242
1128240543 1128299091 58548
1128308153 1128320656 12503
1128321192 1128351770 30578
1128387026 1128388858 1832
1128389405 1128404000 14595
1128404291 1128406196 1905
1128407435 1128421524 14089
1128422763 1128425941 3178
1128426238 1128432601 6363
1128432991 1128444240 11249
1128445225 1128459298 14073
1128465133 1128466256 1123
1128466792 1128504361 37569
1128538016 1128539723 1707
1128559403 1128562149 2746
1128572082 1128577921 5839
1128579458 1128593870 14412
1128616917 1128641735 24818
1128643606 1128688467 44861
1128688737 1128706899 18162
1128735786 1128775559 39773
1128775922 1128776436 514
1128813341 1128824629 11288
1128824904 1128830762 5858
1128833654 1128837966 4312
1128870937 1128876141 5204
1128876392 1128876769 377
1128877020 1128880035 3015
1128888099 1128888408 309
1128888658 1128889359 701
1128891481 1128891556 75
1128891807 1128894292 2485
1128894543 1128895813 1270
1128899369 1128904753 5384
1128905004 1128913468 8464
1128913718 1128922967 9249
1128923264 1128926705 3441
1128926956 1128933662 6706
1128933913 1128938925 5012
1128939245 1128940022 777
1128940272 1128947402 7130
1128947653 1128956570 8917
1128988282 1129035332 47050
1129035879 1129052629 16750
1129061194 1129061254 60
1129065876 1129085501 19625
1129087819 1129118969 31150
1129216201 1129218462 2261
1129244960 1129257252 12292
1129273986 1129294718 20732
1129300460 1129301025 565
1129309612 1129312917 3305
1129328636 1129334437 5801
1129337279 1129341383 4104
1129343797 1129364688 20891
1129365224 1129369936 4712
1129370472 1129381413 10941
1129436590 1129448784 12194
1129449320 1129463781 14461
1129467941 1129471887 3946
1129472363 1129476370 4007
1129482594 1129486718 4124
1129488891 1129489149 258
1129498503 1129498757 254
1129512383 1129566062 53679
1129608041 1129608346 305
1129619484 1129622068 2584
1129622956 1129637823 14867
1129638314 1129648547 10233
1129660038 1129661856 1818
1129672074 1129672717 643
1129674043 1129676975 2932
1129682655 1129688795 6140
1129697674 1129701315 3641
1129704109 1129713096 8987
1129717771 1129736377 18606
1129742732 1129743298 566
1129745176 1129745360 184
1129747226 1129752779 5553
1129755792 1129756505 713
1129758552 1129760577 2025
1129773438 1129776761 3323
1129780486 1129801165 20679
1129801920 1129808549 6629
1129812439 1129820508 8069
1129827270 1129830212 2942
1129835219 1129835873 654
1129979732 1129986194 6462
1130005620 1130006618 998
1130007199 1130008380 1181
1130009096 1130022832 13736
1130023552 1130024424 872
1130024829 1130025815 986
1130026512 1130027531 1019
1130027698 1130066791 39093
1130075051 1130078332 3281
1130079126 1130084807 5681
1130086404 1130087544 1140
1130087919 1130088337 418
1130094787 1130096743 1956
1130096897 1130098418 1521
1130111145 1130113951 2806
1130128678 1130275664 146986
1130276200 1130302708 26508
1130313067 1130313828 761
1130317454 1130331159 13705
1130332140 1130337668 5528
1130347350 1130348640 1290
1130362568 1130364342 1774
1130385876 1130387454 1578
1130388196 1130407020 18824
1130407598 1130430897 23299
1130439505 1130441732 2227
1130447145 1130447589 444
1130456583 1130458782 2199
1130475459 1130489318 13859
1130496920 1130520620 23700
1130520898 1130545189 24291
1130546106 1130594443 48337
1130622481 1130625791 3310
1130628888 1130645991 17103
1130667304 1130675171 7867
1130675332 1130699280 23948
1130699816 1130701072 1256
1130701326 1130717810 16484
1130718071 1130719346 1275
1130723636 1130760962 37326
1130762223 1130864401 102178
1130864796 1130889650 24854
1130892745 1130895993 3248
1130899824 1130916247 16423
1130930222 1130930318 96
1130933154 1130935029 1875
1130942416 1130943617 1201
1130962556 1130966733 4177
1130969051 1130973763 4712
1131101659 1131120016 18357
1131120552 1131120882 330
1131143815 1131145874 2059
1131146129 1131148211 2082
1131148462 1131165960 17498
1131166521 1131190469 23948
1131191403 1131193385 1982
1131228744 1131232526 3782
1131232934 1131233359 425
1131233795 1131242738 8943
1131269743 1131276436 6693
1131277155 1131280072 2917
1131283599 1131298698 15099
1131306188 1131308974 2786
1131309187 1131334715 25528
1131335337 1131343398 8061
1131347945 1131363871 15926
1131364956 1131372171 7215
1131376954 1131377108 154
1131377306 1131377916 610
1131378295 1131397345 19050
1131397984 1131405141 7157
1131405409 1131426271 20862
1131437542 1131448323 10781
1131448969 1131454096 5127
1131464003 1131465647 1644
1131469292 1131475229 5937
1131478538 1131479200 662
1131483416 1131484814 1398
1131521937 1131533520 11583
1131534056 1131541076 7020
1131541943 1131549056 7113
1131554027 1131567672 13645
1131596601 1131600606 4005
1131600921 1131600974 53
1131601351 1131616331 14980
1131634229 1131655927 21698
1131656641 1131669996 13355
1131678503 1131717650 39147
1131718585 1131727640 9055
1131735675 1131737249 1574
1131740269 1131742158 1889
1131747252 1131772337 25085
1131893118 1131896242 3124
1131896992 1131902712 5720
1131902961 1131907592 4631
1131932852 1131935976 3124
1131936914 1131938383 1469
1131940397 1131950992 10595
1131987041 1131996772 9731
1131997579 1131998853 1274
1131999378 1132016316 16938
1132016988 1132026630 9642
1132028897 1132035892 6995
1132044486 1132057611 13125
1132058221 1132064206 5985
1132065388 1132080829 15441
1132087677 1132091337 3660
1132094594 1132095584 990
1132095805 1132119479 23674
1132120165 1132175484 55319
1132175998 1132184025 8027
1132221268 1132223315 2047
1132226225 1132228049 1824
1132260972 1132261506 534
1132266988 1132273069 6081
1132273787 1132285862 12075
1132286085 1132296287 10202
1132332581 1132333586 1005
1132333862 1132339319 5457
1132339524 1132341281 1757
1132342472 1132342897 425
1132370358 1132409063 38705
1132434284 1132435387 1103
1132503354 1132507118 3764
1132533191 1132535604 2413
1132544875 1132552487 7612
1132577888 1132584111 6223
1132614028 1132615536 1508
1132617927 1132618908 981
1132620071 1132639345 19274
1132639963 1132652680 12717
1132671127 1132671334 207
1132674301 1132674954 653
1132683093 1132683758 665
1132701697 1132702068 371
1132712719 1132727714 14995
1132730819 1132759465 28646
1132760096 1132860677 100581
1132872953 1132912454 39501
1132916209 1132920656 4447
1132921196 1132997376 76180
1132997396 1132998561 1165
1132999362 1133001559 2197
1133001834 1133008156 6322
1133009482 1133014147 4665
1133051701 1133093673 41972
1133104594 1133111053 6459
1133111593 1133165456 53863
1133165992 1133175436 9444
1133176112 1133189215 13103
1133192116 1133194808 2692
1133205088 1133211518 6430
1133216475 1133266355 49880
1133286643 1133304337 17694
1133326173 1133341855 15682
1133342326 1133342807 481
1133343623 1133349541 5918
1133370045 1133370782 737
1133371055 1133381809 10754
1133384471 1133387031 2560
1133400699 1133404972 4273
1133410892 1133421611 10719
1133439784 1133448890 9106
1133449162 1133457951 8789
1133458164 1133471145 12981
1133472646 1133495785 23139
1133496152 1133501214 5062
1133501739 1133511032 9293
1133531475 1133543065 11590
1133585447 1133597643 12196
1133600812 1133617494 16682
1133652853 1133667856 15003
1133668392 1133670643 2251
1133671698 1133674482 2784
1133674792 1133692917 18125
1133716198 1133718390 2192
1133718772 1133718879 107
1133720139 1133720671 532
1133731109 1133736459 5350
1133736724 1133774992 38268
1133775528 1133778771 3243
1133779979 1133801009 21030
1133823944 1133823989 45
1133824255 1133826182 1927
1133827515 1133843303 15788
1133863388 1133875174 11786
1133875850 1133878697 2847
1133881277 1133884501 3224
1133885487 1133896398 10911
1133896603 1133897375 772
1133901686 1133905796 4110
1133907138 1133936784 29646
1133937320 1133959471 22151
1133962350 1133966022 3672
1133996444 1134014015 17571
1134014837 1134018840 4003
1134148092 1134158818 10726
1134159988 1134178122 18134
1134180902 1134218536 37634
1134223522 1134224384 862
1134252387 1134257172 4785
1134257606 1134258352 746
1134263101 1134270634 7533
1134277917 1134281330 3413
1134282166 1134330249 48083
1134333088 1134369981 36893
1134376893 1134399476 22583
1134402613 1134408291 5678
1134427067 1134440996 13929
1134441593 1134447815 6222
1134453717 1134458355 4638
1134459903 1134476473 16570
1134487339 1134491248 3909
1134491480 1134497393 5913
1134497641 1134502781 5140
1134503847 1134506057 2210
1134512318 1134529421 17103
1134539257 1134582749 43492
1134583388 1134586485 3097
1134586912 1134589596 2684
1134619148 1134637008 17860
1134637800 1134644028 6228
1134768958 1134769049 91
1134769296 1134769948 652
1134770220 1134784804 14584
1134785848 1134788385 2537
1134788583 1134829873 41290
1134863216 1134879371 16155
1134904443 1134910164 5721
1134910838 1134928384 17546
1134964890 1134968666 3776
1134976047 1135002116 26069
1135023264 1135024279 1015
1135032411 1135040786 8375
1135043972 1135048320 4348
1135100795 1135103160 2365
1135117371 1135161704 44333
1135172727 1135173083 356
1135173442 1135187459 14017
1135192760 1135193716 956
1135193965 1135195359 1394
1135198866 1135200145 1279
1135200407 1135205052 4645
1135205597 1135271487 65890
1135446151 1135446967 816
1135450321 1135451521 1200
1135466575 1135466883 308
1135467084 1135497663 30579
1135498420 1135518960 20540
1135519921 1135545798 25877
1135545994 1135559189 13195
1135560089 1135561114 1025
1135575589 1135586799 11210
1135591973 1135594919 2946
1135603023 1135606822 3799
1135609217 1135618455 9238
1135624693 1135651710 27017
1135663473 1135665510 2037
1135677262 1135683893 6631
1135689707 1135698612 8905
1135709692 1135739089 29397
1135740447 1135752976 12529
1135753512 1135755777 2265
1135772009 1135788493 16484
1135788794 1135797940 9146
1135799879 1135805676 5797
1135818292 1135822800 4508
1135823087 1135848160 25073
1135848978 1135879736 30758
1135882196 1135891952 9756
1135892959 1135898830 5871
1135913524 1135925298 11774
1135926070 1135932476 6406
1135933315 1135940911 7596
1135942099 1135957339 15240
1135968507 1135999106 30599
1136010436 1136011604 1168
1136011836 1136015277 3441
1136075159 1136081513 6354
1136105814 1136109246 3432
1136117801 1136121623 3822
1136121920 1136122686 766
1136206178 1136208197 2019
1136208384 1136218095 9711
1136262730 1136267888 5158
1136268118 1136284048 15930
1136284585 1136291598 7013
1136293117 1136295892 2775
1136353446 1136372467 19021
1136374361 1136378815 4454
1136378935 1136378940 5
1136379681 1136388259 8578
1136388988 1136406488 17500
1136407251 1136408698 1447
1136426299 1136429906 3607
1136430236 1136430970 734
1136450097 1136458937 8840
1136459854 1136469536 9682
1136484026 1136497433 13407
1136498548 1136506763 8215
1136514829 1136520310 5481
1136520830 1136522359 1529
1136523774 1136524021 247
1136524272 1136528073 3801
1136528353 1136528487 134
1136529609 1136532019 2410
1136533358 1136538441 5083
1136539666 1136542511 2845
1136543869 1136548545 4676
1136548895 1136551312 2417
1136582470 1136583128 658
1136583389 1136596283 12894
1136597527 1136605693 8166
1136605922 1136622631 16709
1136623494 1136630354 6860
1136630704 1136643463 12759
1136644116 1136649636 5520
1136690975 1136699452 8477
1136749406 1136755020 5614
1136770755 1136777972 7217
1136793058 1136806992 13934
1136807530 1136807664 134
1136814060 1136817591 3531
1136818477 1136824858 6381
1136833400 1136835468 2068
1136861050 1136865433 4383
1136866393 1136867196 803
1136879795 1136883216 3421
1136897972 1136910288 12316
1136910824 1136911991 1167
1136912567 1136912601 34
1136954885 1136956031 1146
1137006321 1137009449 3128
1137009884 1137021756 11872
1137022361 1137026163 3802
1137207120 1137215120 8000
1137215656 1137248329 32673
1137248762 1137250767 2005