1164559440 1164559654 214
1164560599 1164561392 793
1164562093 1164569775 7682
1164569814 1164574892 5078
1164596667 1164603464 6797
1164603474 1164603521 47
1164664648 1164665292 644
1164667198 1164669773 2575
1164672969 1164673502 533
1164673578 1164674319 741
1164674812 1164700282 25470
1164700373 1164745005 44632
1164745711 1164747075 1364
1164750309 1164756094 5785
1164756280 1164756395 115
1164756462 1164756768 306
1164757097 1164758199 1102
1164769704 1164770015 311
1164770147 1164793991 23844
1164811999 1164853576 41577
1164853675 1164954629 100954
1164961121 1164961951 830
1164962290 1164988975 26685
1165024248 1165024697 449
1165026480 1165039808 13328
1165044516 1165053952 9436
1165055780 1165071815 16035
1165072230 1165077235 5005
1165097976 1165098128 152
1165098172 1165100866 2694
1165109312 1165110360 1048
1165111275 1165171824 60549
1165171924 1165191021 19097
1165191088 1165191416 328
1165191478 1165191617 139
1165192405 1165192464 59
1165193313 1165212580 19267
1165217978 1165220136 2158
1165220431 1165226046 5615
1165229548 1165230356 808
1165232740 1165234173 1433
1165237671 1165242739 5068
1165243069 1165243918 849
1165303790 1165305252 1462
1165307309 1165309205 1896
1165313314 1165314111 797
1165320702 1165321623 921
1165327222 1165346644 19422
1165366926 1165372309 5383
1165372616 1165432799 60183
1165433109 1165435738 2629
1165435779 1165453202 17423
1165453497 1165503811 50314
1165508628 1165518947 10319
1165519432 1165531175 11743
1165531632 1165597012 65380
1165597015 1165597123 108
1165614915 1165616005 1090
1165616374 1165680798 64424
1165701922 1165718375 16453
1165727656 1165751638 23982
1165753457 1165769184 15727
1165772071 1165781556 9485
1165794106 1165797971 3865
1165804252 1165806691 2439
1165813872 1165822892 9020
1165823193 1165823928 735
1165824160 1165829538 5378
1165831525 1165842926 11401
1165844915 1165858144 13229
1165859747 1165887625 27878
1165888127 1165890483 2356
1165892400 1165932770 40370
1165937371 1165939162 1791
1165941732 1165950419 8687
1165951133 1165954071 2938
1165957190 1165967631 10441
1165973512 1165997946 24434
1165998362 1166005947 7585
1166311984 1166316395 4411
1166324111 1166325112 1001
1166328752 1166371139 42387
1166372166 1166372671 505
1166386147 1166395467 9320
1166399103 1166417343 18240
1166417892 1166422279 4387
1166426531 1166461369 34838
1166470234 1166482895 12661
1167534141 1167609738 75597
1167610190 1167610345 155
1167621300 1167628469 7169
1167629025 1167665426 36401
1167666387 1167670159 3772
1167680478 1167680642 164
1167682623 1167689456 6833
1167689863 1167706610 16747
1167707103 1167722555 15452
1167726591 1167736022 9431
1167739196 1167740431 1235
1167746056 1167753257 7201
1167764813 1167768225 3412
1167774558 1167776363 1805
1167779841 1167784089 4248
1167791712 1167794328 2616
1167797597 1167814502 16905
1167827417 1167828892 1475
1167832446 1167836958 4512
1167857070 1167857850 780
1167860944 1167942126 81182
1167951962 1167953435 1473
1168034363 1168040718 6355
1168046720 1168065430 18710
1168076706 1168078176 1470
1168081852 1168099885 18033
1168123405 1168124418 1013
1168127329 1168147490 20161
1168195847 1168199118 3271
1168200320 1168206318 5998
1168207820 1168208625 805
1168209449 1168211328 1879
1168217420 1168227516 10096
1168230258 1168255223 24965
1168256004 1168259465 3461
1168261934 1168280047 18113
1168280191 1168293739 13548
1168301796 1168306176 4380
1168306242 1168347760 41518
1168348107 1168353018 4911
1168359320 1168362018 2698
1168386626 1168388892 2266
1168396518 1168399093 2575
1168400094 1168413573 13479
1168491509 1168503265 11756
1168503721 1168510582 6861
1168645757 1168646909 1152
1168647715 1168648612 897
1168650301 1168651600 1299
1168652841 1168668969 16128
1168688756 1168692544 3788
1168692785 1168695812 3027
1168807998 1168817473 9475
1168825167 1168825873 706
1168826838 1168833703 6865
1168847832 1168902680 54848
1168919503 1168950618 31115
1168952420 1168972317 19897
1168977184 1168978382 1198
1168981269 1169010110 28841
1169015472 1169058225 42753
1169069015 1169075954 6939
1169086769 1169095413 8644
1169120580 1169130566 9986
1169138617 1169146372 7755
1169162653 1169162997 344
1169165766 1169174709 8943
1169178282 1169205165 26883
1169209571 1169226034 16463
1169229744 1169230412 668
1169232699 1169272948 40249
1169275988 1169288484 12496
1169290831 1169291420 589
1169293904 1169308839 14935
1169335722 1169340918 5196
1169340968 1169341684 716
1169344953 1169357578 12625
1169361477 1169395694 34217
1169405061 1169416751 11690
1169417399 1169417943 544
1169424372 1169494899 70527
1169498395 1169561512 63117
1169564404 1169567911 3507
1169568313 1169578576 10263
1169579014 1169657038 78024
1169661117 1169670004 8887
1169670776 1169671821 1045
1169672011 1169731140 59129
1169733766 1169734565 799
1169736556 1169757722 21166
1169759500 1169773136 13636
1169775921 1169829189 53268
1169831089 1169831297 208
1169831395 1169910318 78923
1169944903 1169991714 46811
1169997322 1170019108 21786
1170033213 1170034120 907
1170037775 1170038367 592
1170042399 1170042905 506
1170045770 1170046262 492
1170059394 1170090181 30787
1170092936 1170173137 80201
1170174690 1170210463 35773
1170211868 1170212473 605
1170213044 1170223413 10369
1170226175 1170234990 8815
1170237530 1170388055 150525
1170390527 1170405111 14584
1170406219 1170434160 27941
1170434164 1170444734 10570
1170445413 1170455149 9736
1170455726 1170460683 4957
1170470866 1170473681 2815
1170480440 1170481111 671
1170481115 1170481129 14
1170484524 1170484960 436
1170484984 1170486076 1092
1170486112 1170487777 1665
1170488249 1170504805 16556
1170507235 1170517830 10595
1170551366 1170551737 371
1170551741 1170552277 536
1170552283 1170552432 149
1170552441 1170553833 1392
1170553837 1170554177 340
1170554183 1170554432 249
1170554443 1170554568 125
1170554576 1170554880 304
1170554952 1170555260 308
1170563281 1170563424 143
1170563438 1170563572 134
1170563578 1170564636 1058
1170564641 1170565056 415
1170565094 1170565157 63
1170565167 1170565212 45
1170565218 1170565661 443
1170565678 1170566197 519
1170566203 1170566356 153
1170566367 1170567800 1433
1170567810 1170567877 67
1170567888 1170568632 744
1170568643 1170568927 284
1170568931 1170569811 880
1170569818 1170572257 2439
1170572261 1170572399 138
1170572429 1170572530 101
1170572539 1170573048 509
1170573051 1170573597 546
1170573608 1170573642 34
1170573651 1170573672 21
1170573686 1170573747 61
1170573754 1170573820 66
1170573823 1170573858 35
1170573866 1170574740 874
1170574747 1170575251 504
1170575257 1170577386 2129
1170577392 1170577445 53
1170577450 1170578038 588
1170578045 1170578437 392
1170578447 1170579078 631
1170579082 1170581954 2872
1170581959 1170584166 2207
1170584173 1170584876 703
1170584890 1170585238 348
1170585245 1170602986 17741
1170602989 1170670569 67580
1170677563 1170680718 3155
1170693020 1170702258 9238
1170702736 1170744979 42243
1170744989 1170745120 131
1170745123 1170745184 61
1170745208 1170745847 639
1170745854 1170745888 34
1170745895 1170746344 449
1170746354 1170746540 186
1170746546 1170746613 67
1170746622 1170746688 66
1170746697 1170746745 48
1170746749 1170746863 114
1170746868 1170746908 40
1170746914 1170747003 89
1170747014 1170747129 115
1170747136 1170747156 20
1170747161 1170747242 81
1170747246 1170747291 45
1170747297 1170747461 164
1170747468 1170747516 48
1170747521 1170747570 49
1170747576 1170747744 168
1170747764 1170747816 52
1170758965 1170772165 13200
1170772172 1170772208 36
1170772232 1170772334 102
1170772356 1170772440 84
1170772449 1170772526 77
1170772569 1170772603 34
1170772627 1170772672 45
1170772777 1170772868 91
1170772879 1170772945 66
1170772975 1170773007 32
1170773020 1170773149 129
1170773158 1170773176 18
1170782626 1170783827 1201
1170784483 1170802815 18332
1170802901 1170802918 17
1170802949 1170814112 11163
1170819744 1170820925 1181
1170822686 1170823695 1009
1170823702 1170823718 16
1170829066 1170897069 68003
1170897180 1170906761 9581
1170910933 1170911528 595
1170911654 1170945704 34050
1170949796 1170950685 889
1170952437 1171006100 53663
1171012704 1171057506 44802
1171057512 1171103004 45492
1171103476 1171123686 20210
1171162567 1171163858 1291
1171164076 1171186548 22472
1171190676 1171217094 26418
1171219208 1171284208 65000
1171290228 1171300944 10716
1171314513 1171314595 82
1171324465 1171330276 5811
1171331873 1171392584 60711
1171394973 1171402161 7188
1171402285 1171402972 687
1171403080 1171431030 27950
1171442112 1171529220 87108
1171529390 1171529645 255
1171531847 1171618584 86737
1171620863 1171630910 10047
1171636468 1171637007 539
1171644002 1171683060 39058
1171685589 1171722617 37028
1171725494 1171729170 3676
1171729173 1171730164 991
1171745142 1171836627 91485
1171836632 1171837114 482
1171837118 1171845651 8533
1171846032 1171865396 19364
1171872951 1171922674 49723
1171924947 1171939747 14800
1171939786 1171974803 35017
1171978557 1171992471 13914
1172024211 1172046890 22679
1172058407 1172062779 4372
1172065285 1172076337 11052
1172076823 1172135301 58478
1172135803 1172152802 16999
1172154191 1172270917 116726
1172270921 1172276821 5900
1172276825 1172292309 15484
1172292620 1172333089 40469
1172362758 1172370989 8231
1172371033 1172387592 16559
1172388012 1172395489 7477
1172395494 1172402517 7023
1172402523 1172404228 1705
1172410623 1172425773 15150
1172425779 1172431156 5377
1172447192 1172447703 511
1172448396 1172463759 15363
1172470244 1172472785 2541
1172476825 1172506288 29463
1172506812 1172565198 58386
1172565715 1172602716 37001
1172602729 1172606424 3695
1172612537 1172619311 6774
1172619603 1172634627 15024
1172634648 1172634662 14
1172634666 1172634681 15
1172634684 1172634698 14
1172634704 1172638901 4197
1172642752 1172643341 589
1172644109 1172709598 65489
1172712319 1172724659 12340
1172728123 1172732295 4172
1172735065 1172740729 5664
1172746631 1172746686 55
1172753092 1172758311 5219
1172759186 1172786475 27289
1172787085 1172792007 4922
1172798629 1172799756 1127
1172799853 1172812065 12212
1172819075 1172822367 3292
1172826755 1172835843 9088
1172835864 1172844087 8223
1172844091 1172849697 5606
1172850005 1172858602 8597
1172873386 1172937334 63948
1172963684 1172973746 10062
1172977289 1172979886 2597
1172986826 1172987464 638
1172987697 1173016814 29117
1173017446 1173028939 11493
1173028944 1173033081 4137
1173033101 1173054841 21740
1173059279 1173059715 436
1173059745 1173060210 465
1173061369 1173070650 9281
1173075303 1173076079 776
1173076323 1173100667 24344
1173100694 1173114716 14022
1173116020 1173122439 6419
1173128431 1173136402 7971
1173141413 1173165552 24139
1173171307 1173171603 296
1173171732 1173187847 16115
1173188679 1173203660 14981
1173207542 1173231577 24035
1173233419 1173233454 35
1173233674 1173309698 76024
1173342951 1173343717 766
1173346581 1173367688 21107
1173367962 1173373440 5478
1173373952 1173400844 26892
1173407803 1173419426 11623
1173423236 1173539178 115942
1173573161 1173574005 844
1173579478 1173580473 995
1173583965 1173593675 9710
1173595651 1173628492 32841
1173630531 1173637714 7183
1173641573 1173643599 2026
1173644421 1173653021 8600
1173654883 1173658640 3757
1173658791 1173659039 248
1173659148 1173673886 14738
1173673889 1173715470 41581
1173715621 1173715856 235
1173716136 1173716438 302
1173716863 1173717010 147
1173717126 1173717430 304
1173718072 1173750209 32137
1173753147 1173807041 53894
1173812946 1173826277 13331
1173826677 1173856825 30148
1173859324 1173900023 40699
1173900028 1173900481 453
1173900495 1173901324 829
1173901327 1173901843 516
1173901851 1173901946 95
1173901963 1173902017 54
1173906065 1173906375 310
1173906378 1173906418 40
1173906421 1173906580 159
1173906586 1173906717 131
1173906722 1173906785 63
1173919283 1173976601 57318
1173976626 1174063138 86512
1174065526 1174065547 21
1174069842 1174069983 141
1174074153 1174144518 70365
1174172592 1174184899 12307
1174192897 1174241222 48325
1174257202 1174261927 4725
1174265122 1174272527 7405
1174355652 1174355683 31
1174355832 1174386435 30603
1174388993 1174405033 16040
1174405510 1174422117 16607
1174423522 1174424386 864
1174424391 1174445831 21440
1174449013 1174525560 76547
1174528914 1174563517 34603
1174563892 1174603976 40084
1174603981 1174617878 13897
1174617883 1174648419 30536
1174655960 1174683222 27262
1174683875 1174684546 671
1174685490 1174701495 16005
1174701583 1174716299 14716
1174718427 1174748788 30361
1174770807 1174775677 4870
1174778291 1174786997 8706
1174787000 1174796291 9291
1174813304 1174813482 178
1174816071 1174817126 1055
1174819583 1174821274 1691
1174821442 1174822486 1044
1174822763 1174830982 8219
1174881173 1174882761 1588
1174885769 1174901732 15963
1174902264 1174921580 19316
1174921975 1174936820 14845
1174938664 1174991090 52426
1174991564 1175048869 57305
1175054893 1175076776 21883
1175081139 1175092749 11610
1175095355 1175116107 20752
1175116112 1175185598 69486
1175188916 1175241786 52870
1175242325 1175280514 38189
1175280520 1175280991 471
1175287062 1175346161 59099
1175350812 1175353229 2417
1175387736 1175389788 2052
1175390316 1175409507 19191
1175416278 1175437419 21141
1175438061 1175458673 20612
1175459074 1175529619 70545
1175555221 1175572254 17033
1175572259 1175572287 28
1175576524 1175576576 52
1175576622 1175577659 1037
1175577776 1175577936 160
1175578374 1175607109 28735
1175608136 1175608437 301
1175613243 1175622299 9056
1175650660 1175653526 2866
1175653829 1175661471 7642
1175661481 1175661948 467
1175664976 1175706198 41222
1175706545 1175827930 121385
1175829134 1175882057 52923
1175882060 1175920863 38803
1175924117 1175925000 883
1175927595 1175954196 26601
1175954247 1175958642 4395
1175981917 1175982706 789
1175983235 1175983414 179
1175987395 1176000781 13386
1176003152 1176048049 44897
1176070112 1176134094 63982
1176134780 1176138362 3582
1176145519 1176153124 7605
1176160812 1176240064 79252
1176240430 1176255831 15401
1176258789 1176262900 4111
1176268869 1176350520 81651
1176352584 1176372436 19852
1176372441 1176424228 51787
1176424878 1176449302 24424
1176449605 1176494766 45161
1176497738 1176517605 19867
1176517918 1176553681 35763
1176595909 1176596022 113
1176598973 1176607855 8882
1176608737 1176622773 14036
1176625570 1176652937 27367
1176677340 1176677950 610
1176678171 1176696867 18696
1176697416 1176703191 5775
1176705965 1176739235 33270
1176755416 1176764180 8764
1176764855 1176767385 2530
1176767393 1176767419 26
1176767447 1176767469 22
1176767472 1176767534 62
1176767545 1176767566 21
1176767571 1176803521 35950
1176803525 1176858685 55160
1176860567 1176886853 26286
1176889023 1176926963 37940
1176926967 1176955218 28251
1176955220 1177019415 64195
1177020272 1177025038 4766
1177025345 1177049130 23785
1177051499 1177068769 17270
1177069290 1177106573 37283
1177120791 1177167681 46890
1177209289 1177258285 48996
1177274220 1177329082 54862
1177331083 1177333842 2759
1177358249 1177360211 1962
1177367650 1177382912 15262
1177382916 1177392010 9094
1177394966 1177395200 234
1177395218 1177418665 23447
1177434059 1177435020 961
1177435266 1177447335 12069
1177460488 1177462536 2048
1177463143 1177513447 50304
1177514118 1177541752 27634
1177542251 1177599217 56966
1177599791 1177618805 19014
1177620375 1177673100 52725
1177674319 1177677370 3051
1177733104 1177769742 36638
1177770403 1177775772 5369
1177796488 1177831987 35499
1177834567 1177836076 1509
1177836553 1177886105 49552
1177886748 1177891454 4706
1177891569 1177892421 852
1177894437 1177918909 24472
1177919477 1177948396 28919
1177963174 1177965554 2380
1177966888 1177988566 21678
1178019621 1178063302 43681
1178066632 1178088581 21949
1178090001 1178090169 168
1178106585 1178140496 33911
1178145824 1178193840 48016
1178196472 1178209031 12559
1178209135 1178254015 44880
1178270017 1178290838 20821
1180982427 1180995429 13002
1180998098 1181023839 25741
1181024298 1181057421 33123
1181078382 1181085201 6819
1181089750 1181167162 77412
1181167251 1181167722 471
1181167896 1181172225 4329
1181172697 1181308544 135847
1181317321 1181324034 6713
1181325038 1181368988 43950
1181368991 1181369178 187
1181369182 1181369240 58
1181369243 1181369292 49
1181369296 1181369327 31
1181369343 1181369374 31
1181369400 1181369415 15
1181369431 1181369485 54
1181369502 1181369531 29
1181369549 1181369563 14
1181369566 1181369583 17
1181369594 1181369617 23
1181369639 1181369653 14
1181369707 1181369725 18
1181369809 1181369829 20
1181383199 1181386009 2810
1181390201 1181396583 6382
1181398926 1181401228 2302
1181445242 1181454558 9316
1181454858 1181459169 4311
1181459180 1181459199 19
1181475199 1181477595 2396
1181480214 1181490871 10657
1181500458 1181520918 20460
1181522351 1181577191 54840
1181577314 1181580023 2709
1181615025 1181629244 14219
1181640960 1181641666 706
1181641724 1181641965 241
1181642327 1181642505 178
1181642687 1181644122 1435
1181644589 1181650170 5581
1181650232 1181656290 6058
1181656352 1181659530 3178
1181659652 1181660987 1335
1181665572 1181681075 15503
1181681175 1181691035 9860
1181692784 1181696938 4154
1181697011 1181737558 40547
1181738021 1181845818 107797
1181845820 1181909722 63902
1181911831 1181928956 17125
1181953924 1181977614 23690
1181981351 1181981432 81
1181985023 1181985668 645
1181998224 1182003037 4813
1182056293 1182059551 3258
1182061675 1182065782 4107
1182075203 1182093195 17992
1182106504 1182112417 5913
1182134171 1182170355 36184
1182195955 1182402820 206865
1182405092 1182423275 18183
1182424945 1182425088 143
1182425134 1182471466 46332
1182474765 1182478039 3274
1182483642 1182493243 9601
1182500508 1182517011 16503
1182519980 1182533939 13959
1182537957 1182540264 2307
1182540636 1182554577 13941
1182555474 1182560646 5172
1182583306 1182587249 3943
1182604435 1182611432 6997
1182640082 1182640529 447
1182648964 1182653017 4053
1182657346 1182710105 52759
1182710222 1182712423 2201
1182712428 1182715242 2814
1182717709 1182726561 8852
1182726727 1182727538 811
1182727985 1182736193 8208
1182737817 1182803613 65796
1182803682 1182817363 13681
1182817425 1182817783 358
1182817905 1182818743 838
1182818865 1182822943 4078
1182823545 1182823603 58
1182823725 1182823755 30
1182835120 1182835241 121
1182835363 1182835421 58
1182835483 1182835541 58
1182835663 1182835841 178
1182836323 1182836381 58
1182836443 1182836501 58
1182836623 1182836801 178
1182836863 1182839696 2833
1182839718 1182844687 4969
1182851501 1182876756 25255
1182878246 1182883488 5242
1182889685 1182893526 3841
1182893542 1182898554 5012
1182898680 1182899136 456
1182908130 1182968079 59949
1182978695 1183086109 107414
1183090385 1183145114 54729
1183146201 1183161428 15227
1183164670 1183175579 10909
1183175767 1183241629 65862
1183244426 1183246624 2198
1183246629 1183302203 55574
1183324477 1183335264 10787
1183336511 1183337172 661
1183337294 1183338263 969
1183344638 1183357910 13272
1184032880 1184072323 39443
1184098613 1184098651 38
1184098682 1184101352 2670
1184101629 1184107052 5423
1184151851 1184202810 50959
1184204774 1184212989 8215
1184462589 1184477607 15018
1184477924 1184528380 50456
1184537239 1184538428 1189
1184538454 1184539877 1423
1184540346 1184559079 18733
1184561504 1184566384 4880
1184568203 1184577383 9180
1184581367 1184604591 23224
1184608169 1184608485 316
1184609593 1184610452 859
1184610482 1184612256 1774
1184612308 1184613369 1061
1184615862 1184616790 928
1184616815 1184626627 9812
1184637929 1184702340 64411
1184720647 1184723915 3268
1184723977 1184735682 11705
1184738830 1184753291 14461
1184753353 1184754251 898
1184754313 1184755095 782
1184764852 1184765153 301
1184765395 1184765453 58
1184765755 1184765813 58
1184766295 1184766593 298
1184766955 1184767133 178
1184767435 1184767613 178
1184767675 1184776060 8385
1184776736 1184785821 9085
1184785865 1184785884 19
1184786321 1184812365 26044
1184843192 1184854322 11130
1184857171 1184864855 7684
1184867935 1184926573 58638
1184930843 1184975570 44727
1184979979 1185009050 29071
1185083107 1185094268 11161
1185094510 1185097448 2938
1185097690 1185098048 358
1185098110 1185098168 58
1185098230 1185098288 58
1185098350 1185099008 658
1185099070 1185099188 118
1185099250 1185099308 58
1185099490 1185099608 118
1185099670 1185100448 778
1185100510 1185102411 1901
1185144020 1185154003 9983
1185157517 1185164133 6616
1185164586 1185215275 50689
1185244711 1185258236 13525
1185258285 1185307302 49017
1185335783 1185395109 59326
1185422901 1185439744 16843
1185439796 1185480149 40353
1185502747 1185566556 63809
1185581881 1185583816 1935
1185583941 1185608718 24777
1185615255 1185634854 19599
1185657014 1185657618 604
1185658407 1185661973 3566
1185663127 1185667694 4567
1185667826 1185726333 58507
1185752705 1185813793 61088
1185834867 1185841804 6937
1185844432 1185854532 10100
1185855240 1185898649 43409
1185908559 1185912475 3916
1185917125 1185917208 83
1185919460 1185919620 160
1185919762 1185924698 4936
1185927698 1185927743 45
1185928396 1185935428 7032
1185937818 1185937902 84
1185938243 1186081491 143248
1186091993 1186096044 4051
1186097308 1186181960 84652
1186192128 1186192196 68
1186192240 1186236335 44095
1186295199 1186295229 30
1186295255 1186329783 34528
1186352759 1186418834 66075
1186447249 1186491565 44316
1186492566 1186499610 7044
1186524714 1186546594 21880
1186549119 1186609762 60643
1186642720 1186664342 21622
1186670467 1186825265 154798
1186825447 1186844577 19130
1186876230 1186939867 63637
1186953207 1187018570 65363
1187020364 1187020428 64
1187020516 1187020665 149
1187021294 1187021342 48
1187021436 1187021509 73
1187021619 1187021749 130
1187023761 1187039713 15952
1187040967 1187063520 22553
1187083265 1187226516 143251
1187226993 1187232087 5094
1187242937 1187243529 592
1187247857 1187276788 28931
1187278805 1187278848 43
1187278947 1187312514 33567
1187312992 1187363516 50524
1187363820 1187440026 76206
1187441995 1187446882 4887
1187447680 1187449219 1539
1187483747 1187517678 33931
1187518507 1187592904 74397
1187592909 1187602158 9249
1187604329 1187604380 51
1187605180 1187605276 96
1187605364 1187605470 106
1187605759 1187605809 50
1187606124 1187606810 686
1187609753 1187619133 9380
1187619155 1187627224 8069
1187634944 1187651493 16549
1187652925 1187656721 3796
1187681297 1187681350 53
1187681366 1187733618 52252