1126073529 1126086553
1126088511 1126098729
1126100142 1126111138
1126164689 1126165915
1126256829 1126264691
1126301250 1126301382
1126301717 1126301897
1126301957 1126302050
1126302274 1126302437
1126302497 1126302557
1126302617 1126304365
1126304777 1126304897
1126305077 1126305197
1126305377 1126305437
1126305557 1126305617
1126306937 1126307057
1126308670 1126309577
1126309637 1126309817
1126309877 1126327397
1126327457 1126328957
1126329017 1126330637
1126330697 1126331060
1126401691 1126401917
1126401977 1126409763
1126409930 1126410042
1126415204 1126420217
1126420277 1126420940
1126423623 1126425848
1126552683 1126552974
1126553154 1126553627
1126553801 1126555046
1126555297 1126575197
1126575257 1126603333
1126626157 1126628100
1126643534 1126645392
1126645951 1126657697
1126657757 1126657817
1126657937 1126659317
1126659377 1126675574
1126686694 1126691334
1126787524 1126788031
1126791209 1126807637
1126807697 1126808537
1126808597 1126808777
1126808837 1126810637
1126810817 1126813757
1126813817 1126813877
1126814057 1126814177
1126814297 1126814357
1126814717 1126816037
1126816097 1126816517
1126816577 1126818437
1126818497 1126818557
1126818677 1126818737
1126818917 1126819517
1126819577 1126820117
1126820477 1126820597
1126820657 1126821917
1126829493 1126830137
1126830197 1126830857
1126830917 1126831277
1126831757 1126832426
1126832717 1126833017
1126833077 1126833137
1126833377 1126833497
1126837277 1126838177
1126838237 1126849861
1126868944 1126871897
1126872077 1126872677
1126872737 1126873457
1126873517 1126873577
1126884724 1126885097
1126885217 1126885877
1126885937 1126886117
1126886177 1126886477
1126886537 1126886597
1126886777 1126886897
1126887137 1126887677
1126887977 1126888037
1126888397 1126888457
1126888517 1126888577
1126888637 1126893057
1126908923 1126909037
1126910657 1126914257
1126915037 1126915097
1126915157 1126915782
1126918131 1126927457
1126927577 1126928357
1126928477 1126932377
1126932497 1126937597
1126937657 1126942368
1126955146 1126963846
1126987925 1126991568
1126994684 1126999495
1127000240 1127001027
1127001172 1127072295
1127072545 1127074207
1127088104 1127089697
1127089757 1127090357
1127090477 1127090537
1127090657 1127091917
1127092037 1127092215
1127094716 1127095447
1127095797 1127096837
1127096897 1127100077
1127100197 1127105477
1127105537 1127108297
1127108357 1127109797
1127109857 1127111417
1127119063 1127119517
1127119577 1127120537
1127120597 1127120670
1127120931 1127123897
1127124017 1127124197
1127124497 1127126633
1127126884 1127128336
1127128872 1127133359
1127166399 1127166797
1127166857 1127167277
1127167337 1127169917
1127169977 1127172026
1127175352 1127175377
1127175437 1127180171
1127180520 1127184737
1127184797 1127189897
1127189957 1127224040
1127234560 1127245757
1127245937 1127245997
1127246237 1127246297
1127246357 1127246537
1127246657 1127246897
1127247017 1127247077
1127247137 1127247377
1127247797 1127247857
1127247917 1127248037
1127248097 1127248817
1127248877 1127249177
1127249297 1127249477
1127249597 1127249657
1127249777 1127252057
1127252117 1127256633
1127258769 1127265437
1127265497 1127271521
1127308159 1127308397
1127308817 1127308877
1127309057 1127309117
1127309357 1127309477
1127309597 1127309717
1127309777 1127310497
1127326812 1127326997
1127327057 1127327357
1127327537 1127328497
1127328557 1127328977
1127329397 1127329457
1127329577 1127329701
1127329989 1127330117
1127330177 1127331295
1127332459 1127332890
1127334068 1127334857
1127334917 1127335037
1127335157 1127335397
1127335457 1127339417
1127339537 1127340017
1127340197 1127340317
1127340437 1127340497
1127340737 1127340797
1127340977 1127341157
1127341397 1127341457
1127341517 1127341817
1127341937 1127342537
1127343197 1127343317
1127343377 1127347097
1127347157 1127347217
1127347277 1127347637
1127348057 1127348117
1127348177 1127348537
1127348597 1127348897
1127348957 1127349257
1127349377 1127350217
1127350277 1127350337
1127350397 1127352257
1127352317 1127352437
1127352497 1127352677
1127352737 1127352848
1127353384 1127353457
1127353577 1127353757
1127353817 1127354057
1127354117 1127354177
1127354297 1127354357
1127354477 1127356637
1127356697 1127356757
1127356817 1127357237
1127357297 1127357357
1127357477 1127357537
1127357717 1127357777
1127358317 1127358377
1127358497 1127358557
1127358737 1127358797
1127359037 1127359097
1127359217 1127359277
1127359397 1127359457
1127359517 1127359577
1127359697 1127360057
1127360117 1127364257
1127364557 1127364677
1127364737 1127367377
1127367437 1127367737
1127368457 1127368517
1127368577 1127368877
1127368937 1127369117
1127369177 1127369237
1127369357 1127378210
1127385080 1127386037
1127386097 1127387357
1127387417 1127387600
1127388136 1127398817
1127399057 1127409172
1127421917 1127421977
1127422397 1127422457
1127422517 1127422577
1127422637 1127423117
1127425104 1127425277
1127425337 1127427137
1127427197 1127428157
1127428217 1127428457
1127428517 1127435297
1127435357 1127435600
1127436136 1127436377
1127436617 1127436677
1127436737 1127436797
1127442977 1127443037
1127443157 1127443217
1127443277 1127443877
1127444177 1127444717
1127444837 1127444897
1127447357 1127447417
1127447537 1127447597
1127447957 1127448257
1127448497 1127448917
1127448977 1127449037
1127449397 1127449457
1127449517 1127449697
1127449877 1127449937
1127450237 1127450417
1127450537 1127451317
1127451557 1127451737
1127451857 1127451917
1127452097 1127452217
1127452397 1127452457
1127452757 1127452817
1127452937 1127452997
1127453057 1127453237
1127453417 1127453477
1127453537 1127453597
1127453657 1127454197
1127454857 1127454917
1127455217 1127455277
1127455337 1127455637
1127455937 1127456117
1127456177 1127458637
1127458697 1127458997
1127459057 1127459117
1127459297 1127459477
1127459597 1127460551
1127464807 1127464895
1127467057 1127467097
1127467157 1127470037
1127470097 1127470757
1127470937 1127471177
1127471357 1127471597
1127471657 1127471717
1127471777 1127473037
1127474988 1127476277
1127476337 1127477237
1127477297 1127479877
1127479937 1127480177
1127480357 1127480537
1127480597 1127480657
1127481571 1127483227
1127497037 1127497073
1127497443 1127497637
1127497757 1127497817
1127497877 1127499077
1127505580 1127506096
1127507785 1127508497
1127512184 1127538416
1127542188 1127565085
1127600564 1127603597
1127603657 1127603897
1127603957 1127604345
1127605981 1127610497
1127610557 1127613326
1127617667 1127634250
1127637592 1127658897
1127664295 1127666082
1127666339 1127668646
1127678215 1127679029
1127688849 1127742709
1127781937 1127797784
1127807931 1127814167
1127976803 1128000259
1128000460 1128007755
1128035545 1128035610
1128036741 1128037349
1128039919 1128072514
1128116549 1128121872
1128122408 1128154234
1128154485 1128171655
1128212167 1128239687
1128240543 1128299091
1128318750 1128320656
1128321192 1128331217
1128331337 1128331817
1128331877 1128351692
1128387596 1128388858
1128389405 1128404000
1128404291 1128406196
1128407435 1128421524
1128422763 1128425941
1128426238 1128432601
1128432991 1128444240
1128445225 1128459298
1128465254 1128466256
1128466792 1128504361
1128538016 1128539723
1128618578 1128641735
1128643606 1128688467
1128688737 1128706899
1128736191 1128740715
1128740835 1128763900
1128771811 1128775559
1128775922 1128776436
1128813341 1128824629
1128824904 1128830762
1128833654 1128837796
1128870937 1128873900
1128876392 1128876769
1128877020 1128880035
1128892523 1128894292
1128894543 1128895813
1128899369 1128904753
1128905004 1128913468
1128913718 1128922731
1128929810 1128929843
1128931801 1128933662
1128933913 1128938925
1128939245 1128940022
1128940272 1128947402
1128947653 1128956513
1128988282 1129003850
1129007625 1129011309
1129035879 1129052629
1129061194 1129061254
1129065876 1129085501
1129087819 1129118969
1129216201 1129218462
1129244960 1129257252
1129273986 1129294718
1129300460 1129301025
1129309612 1129312917
1129328636 1129334437
1129337279 1129341383
1129343797 1129364688
1129365224 1129369936
1129370472 1129381413
1129482594 1129486718
1129488891 1129489149
1129498503 1129498757
1129512383 1129566062
1129619484 1129622068
1129622956 1129627650
1129633206 1129637823
1129638314 1129648547
1129660038 1129661856
1129674847 1129676608
1129684877 1129688795
1129697674 1129701315
1129721697 1129736377
1129742732 1129743298
1129745176 1129745360
1129747226 1129752779
1129755792 1129756505
1129758552 1129760577
1129773438 1129776761
1129786110 1129800917
1129979732 1129986194
1130018622 1130022832
1130023552 1130024424
1130024829 1130025815
1130026512 1130027531
1130027698 1130066791
1130075051 1130078332
1130079126 1130084807
1130086404 1130087544
1130087919 1130088337
1130128678 1130164504
1130170615 1130170740
1130171209 1130184410
1130187911 1130192283
1130196168 1130244155
1130313067 1130313828
1130317454 1130326903
1130327023 1130327143
1130327203 1130330491
1130475459 1130482412
1130499285 1130520620
1130520898 1130545189
1130546106 1130559234
1130572617 1130578448
1130585400 1130594443
1130638260 1130645698
1130667304 1130675171
1130675332 1130688703
1130688763 1130689007
1130723636 1130743336
1130744618 1130753415
1130767176 1130864260
1130875481 1130889650
1130893220 1130895993
1130899824 1130916247
1130942416 1130943617
1130962556 1130965833
1130969522 1130973763
1131145277 1131145874
1131146129 1131148211
1131148462 1131165960
1131166521 1131179534
1131182058 1131190469
1131191403 1131193385
1131269743 1131272860
1131293845 1131298698
1131308708 1131308974
1131309187 1131314499
1131319276 1131334715
1131335337 1131343398
1131347945 1131363871
1131364956 1131372171
1131376954 1131377108
1131377306 1131377916
1131378295 1131387095
1131394911 1131397345
1131397984 1131405141
1131405409 1131426271
1131599292 1131600606
1131600921 1131600974
1131601351 1131616331
1131634229 1131647696
1131648702 1131655927
1131656641 1131665255
1131704322 1131717650
1131718585 1131727640
1131736295 1131737249
1131740269 1131742158
1131747252 1131772337
1131944359 1131950992
1131987041 1131988271
1132013797 1132016316
1132016988 1132026630
1132028897 1132035036
1132046782 1132057611
1132058221 1132064206
1132065388 1132071636
1132073070 1132080829
1132087677 1132090332
1132100563 1132103455
1132108612 1132119479
1132120165 1132141397
1132141457 1132175484
1132175998 1132184025
1132221268 1132223315
1132226225 1132228049
1132260972 1132261506
1132266988 1132273069
1132273787 1132285862
1132286085 1132287599
1132332581 1132333586
1132333862 1132339319
1132339524 1132339955
1132342472 1132342897
1132371569 1132409063
1132503354 1132507118
1132533191 1132535604
1132544875 1132552487
1132577888 1132584111
1132614028 1132615536
1132617927 1132618908
1132620071 1132637904
1132646950 1132652680
1132671127 1132671334
1132674301 1132674954
1132683093 1132683758
1132712719 1132727714
1132730819 1132759465
1132760096 1132814101
1132882261 1132912454
1132920113 1132920656
1132921196 1132997376
1132997396 1132998561
1132999362 1133001559
1133001834 1133008156
1133009482 1133014147
1133053848 1133093673
1133104594 1133111053
1133111593 1133121833
1133122786 1133138731
1133139254 1133165456
1133165992 1133172949
1133180512 1133189215
1133192116 1133194808
1133205088 1133211518
1133216475 1133233383
1133244433 1133245565
1133260208 1133266355
1133286643 1133304337
1133326571 1133341855
1133342326 1133342807
1133343623 1133349541
1133370045 1133370782
1133371055 1133380618
1133442869 1133448890
1133449162 1133457951
1133458164 1133468426
1133585447 1133597643
1133600812 1133617494
1133663139 1133665971
1133674275 1133674482
1133674792 1133692878
1133744521 1133747565
1133752701 1133754942
1133759726 1133771116
1133771371 1133773825
1133775853 1133778771
1133779979 1133801006
1133927365 1133936784
1133937320 1133959471
1133962350 1133966022
1133996639 1134007567
1134007710 1134010574
1134148092 1134156863
1134158208 1134158818
1134159988 1134178122
1134188991 1134195798
1134197896 1134218536
1134267924 1134270634
1134277917 1134278456
1134280603 1134281330
1134282166 1134291628
1134291968 1134292250
1134292579 1134302304
1134303321 1134303823
1134304685 1134330249
1134333088 1134348434
1134352064 1134352637
1134352697 1134355920
1134358570 1134369981
1134376893 1134399476
1134402613 1134408291
1134432422 1134440996
1134441593 1134447815
1134453717 1134458355
1134459903 1134476473
1134487339 1134491248
1134491480 1134497393
1134497641 1134502781
1134503847 1134506057
1134518081 1134528862
1134543174 1134582749
1134583388 1134586485
1134586912 1134589596
1134619148 1134637008
1134637800 1134644028
1134772038 1134774977
1134775097 1134775277
1134784603 1134784757
1134785848 1134788385
1134788583 1134829873
1134863216 1134878382
1134904443 1134910164
1134910838 1134912017
1134912077 1134912137
1134912197 1134918497
1134918737 1134919157
1134919349 1134927677
1134927975 1134928384
1135023264 1135024279
1135033244 1135040786
1135043972 1135048320
1135136228 1135151418
1135151859 1135161704
1135172727 1135173083
1135173442 1135187459
1135192760 1135193716
1135193965 1135195359
1135198866 1135200145
1135200407 1135205052
1135205597 1135234150
1135238726 1135271487
1135446151 1135446251
1135466575 1135466883
1135467084 1135496456
1135516970 1135518960
1135519921 1135545798
1135545994 1135559189
1135560089 1135561114
1135575589 1135586799
1135591973 1135594919
1135617234 1135618455
1135624693 1135651273
1135664857 1135665510
1135677262 1135683893
1135689707 1135698459
1135709692 1135717343
1135737171 1135739089
1135740447 1135752976
1135753512 1135755777
1135776762 1135778720
1135778845 1135788493
1135788794 1135797940
1135799879 1135805676
1135818292 1135822800
1135823087 1135843684
1135853150 1135879736
1135882196 1135891952
1135892959 1135898693
1135913524 1135924188
1135925097 1135925298
1135926070 1135932476
1135933315 1135940911
1135942099 1135943020
1135948563 1135957339
1135968898 1135975834
1135980656 1135991814
1136010436 1136011604
1136011836 1136015277
1136106654 1136109246
1136117801 1136121623
1136121920 1136122686
1136206178 1136208197
1136208384 1136217629
1136262730 1136267888
1136268118 1136284048
1136284585 1136291598
1136293117 1136295892
1136353446 1136372467
1136374361 1136376123
1136376659 1136378815
1136378935 1136378940
1136379681 1136388259
1136388988 1136399182
1136400642 1136406488
1136407251 1136408548
1136426299 1136428437
1136450097 1136458937
1136459854 1136462440
1136463255 1136466239
1136484026 1136497433
1136498548 1136506763
1136514829 1136520310
1136520830 1136522359
1136523774 1136524021
1136524272 1136527335
1136529609 1136532019
1136533358 1136538441
1136539666 1136542511
1136543869 1136548545
1136548895 1136551312
1136582470 1136583128
1136583389 1136584903
1136585203 1136596283
1136597527 1136605693
1136605922 1136622631
1136623494 1136630354
1136630704 1136643463
1136644116 1136645860
1136645993 1136649636
1136799305 1136801202
1136801869 1136803840
1136816633 1136817591
1136818477 1136824858
1136861219 1136865433
1136866393 1136867196
1136879795 1136883216
1136897972 1136910288
1136910824 1136911991
1136912567 1136912601
1136954885 1136956031
1137022361 1137026163
1137210884 1137215120
1137215656 1137248329
1137248762 1137250767
1164600798 1164603464
1164603474 1164603521
1164664648 1164665292
1164667198 1164667796
1164683450 1164686894
1164686980 1164700282
1164700373 1164710980
1164711303 1164720685
1164736111 1164737113
1164737232 1164740200
1164753654 1164755129
1164755238 1164756094
1164756280 1164756395
1164756507 1164756768
1164757097 1164758199
1164769704 1164770015
1164770147 1164774480
1164777979 1164782044
1164786174 1164791076
1164791284 1164793474
1164811999 1164812487
1164815678 1164816995
1164817019 1164818178
1164820073 1164823070
1164823148 1164825365
1164825427 1164826375
1164828947 1164829601
1164829660 1164833250
1165066858 1165071619
1165116074 1165116236
1165116666 1165117341
1165117372 1165136316
1165142625 1165155680
1165155713 1165161120
1165161145 1165171824
1165171924 1165178866
1165178912 1165185024
1165185073 1165191021
1165191088 1165191416
1165191478 1165191617
1165192405 1165192464
1165193313 1165197628
1165207772 1165208522
1165209612 1165211010
1165221481 1165226046
1165230001 1165230356
1165232740 1165234173
1165237671 1165240613
1165341233 1165343062
1165372616 1165374015
1165374045 1165376273
1165386016 1165416474
1165441712 1165445043
1165447750 1165448948
1165449277 1165449439
1165453813 1165456308
1165459284 1165459456
1165459636 1165462285
1165464542 1165465525
1165471953 1165473447
1165482093 1165486466
1165495989 1165497687
1165502899 1165502930
1165531976 1165533085
1165536836 1165537764
1165560594 1165571297
1165578348 1165591465
1165593872 1165594445
1165618019 1165624794
1165626216 1165645269
1165654829 1165671634
1165702041 1165702622
1165703032 1165715194
1165715238 1165717873
1165727656 1165728493
1165728659 1165729091
1165729207 1165730209
1165730234 1165751638
1165753457 1165754540
1165759716 1165760979
1165764860 1165765378
1165766259 1165769184
1165776566 1165781556
1165794106 1165797971
1165804252 1165806691
1165813872 1165819025
1165822243 1165822892
1165823193 1165823928
1165824160 1165829538
1165831525 1165842926
1165844915 1165852715
1165853120 1165855614
1165866335 1165879416
1165889252 1165890483
1165892400 1165901541
1165901910 1165923570
1165929966 1165930210
1165930321 1165932770
1165942403 1165949510
1165957190 1165967631
1165973512 1165981018
1165986540 1165987876
1165989597 1165990324
1165990478 1165990560
1165992232 1165992884
1165994151 1165994759
1165996952 1165997696
1165999735 1166000631
1166336075 1166337588
1166338850 1166342769
1166344947 1166345560
1166358432 1166360595
1166362905 1166364478
1166365853 1166368397
1166387687 1166394978
1166395041 1166395076
1166399103 1166402755
1166405054 1166411327
1166413502 1166414886
1166426886 1166460326
1166470234 1166482852
1167536690 1167572316
1167572321 1167576840
1167587310 1167591498
1167593833 1167598963
1167599427 1167609738
1167610190 1167610345
1167621300 1167628469
1167629025 1167630075
1167634198 1167645302
1167654188 1167654612
1167656537 1167664843
1167667787 1167668648
1167680478 1167680642
1167684166 1167685969
1167690131 1167699195
1167710133 1167713997
1167715531 1167720775
1167726591 1167731830
1167734564 1167736022
1167740300 1167740431
1167751200 1167751304
1167940598 1167942010
1168046720 1168065110
1168127735 1168141494
1168217487 1168227039
1168231023 1168253752
1168257979 1168258402
1168259346 1168259465
1168261934 1168262270
1168262314 1168274142
1168277986 1168278681
1168278794 1168280047
1168280191 1168281600
1168281758 1168283394
1168286756 1168287443
1168287561 1168287780
1168287894 1168288108
1168288139 1168288688
1168290926 1168291355
1168301796 1168306176
1168306242 1168324634
1168331937 1168347760
1168348107 1168353018
1168359320 1168362018
1168386626 1168388892
1168396518 1168399093
1168400094 1168411186
1168491509 1168500203
1168503886 1168510582
1168650301 1168651600
1168652841 1168668969
1168693442 1168695812
1168807998 1168817473
1168825167 1168825873
1168826838 1168833703
1168849539 1168878579
1168878951 1168883627
1168883782 1168902680
1168921414 1168940100
1168949380 1168950618
1168952420 1168972317
1168977184 1168978382
1168981269 1169010110
1169018806 1169018880
1169019044 1169024592
1169035392 1169058225
1169069015 1169075954
1169086769 1169095413
1169209571 1169218062
1169237108 1169237834
1169238943 1169241014
1169241199 1169249464
1169256223 1169272948
1169281203 1169288484
1169298789 1169305198
1169347048 1169353719
1169353880 1169357578
1169361477 1169370308
1169375326 1169376328
1169377879 1169378611
1169385856 1169386921
1169477757 1169477957
1169487936 1169489567
1169498395 1169499410
1169501179 1169503929
1169504719 1169547547
1169548287 1169561512
1169570984 1169574220
1169581340 1169584818
1169590978 1169601817
1169605235 1169616026
1169619328 1169656065
1169664796 1169664928
1169674408 1169675640
1169679456 1169680643
1169685684 1169695954
1169701249 1169731140
1169733766 1169734565
1169736556 1169738875
1169778870 1169798047
1169803376 1169820366
1169825556 1169829189
1169831089 1169831297
1169831395 1169838186
1169843790 1169859173
1169866552 1169908883
1169949030 1169991714
1169997322 1170003158
1170011703 1170013140
1170042399 1170042905
1170059394 1170081383
1170086462 1170090181
1170092936 1170118554
1170122736 1170130731
1170131950 1170134371
1170140105 1170145789
1170145965 1170172048
1170197304 1170197756
1170197991 1170210463
1170211868 1170212473
1170213044 1170223413
1170226175 1170232509
1170233127 1170234990
1170237530 1170255322
1170284489 1170318828
1170318832 1170329012
1170338303 1170342744
1170343308 1170356098
1170360909 1170368062
1170370056 1170382168
1170382709 1170386755
1170386802 1170387500
1170387668 1170388055
1170390527 1170391603
1170408845 1170412534
1170412718 1170417427
1170427099 1170434160
1170434164 1170436244
1170439063 1170440387
1170444089 1170444542
1170470866 1170473681
1170480440 1170481111
1170481115 1170481129
1170489012 1170504805
1170507235 1170512877
1170577396 1170577445
1170577450 1170577626
1170577683 1170578038
1170578045 1170578437
1170578447 1170579078
1170579082 1170581954
1170581959 1170584166
1170584173 1170584876
1170584890 1170585238
1170585245 1170600465
1170602950 1170602986
1170602989 1170615326
1170618970 1170642623
1170645534 1170654624
1170658496 1170670569
1170677563 1170680718
1170695466 1170700523
1170703541 1170704557
1170708765 1170744979
1170744989 1170745120
1170745123 1170745184
1170745208 1170745847
1170745854 1170745888
1170745895 1170746344
1170746354 1170746540
1170746546 1170746613
1170746622 1170746688
1170746697 1170746745
1170746749 1170746863
1170746868 1170746908
1170746914 1170747003
1170747014 1170747129
1170747136 1170747156
1170747161 1170747242
1170747246 1170747291
1170747297 1170747461
1170747468 1170747516
1170747521 1170747570
1170747576 1170747744
1170747764 1170747816
1170758965 1170772165
1170772172 1170772208
1170772232 1170772334
1170772356 1170772440
1170772449 1170772526
1170772569 1170772603
1170772627 1170772672
1170772777 1170772868
1170772879 1170772945
1170772975 1170772986
1170786160 1170789019
1170789520 1170802815
1170802901 1170802918
1170802949 1170814112
1170819744 1170820925
1170822686 1170823695
1170823702 1170823718
1170831583 1170855235
1170860376 1170896413
1170899355 1170906761
1170910933 1170911528
1170911654 1170945704
1170952437 1170977665
1170981075 1171006100
1171012704 1171030633
1171030721 1171057506
1171057512 1171102345
1171105409 1171114633
1171162567 1171163858
1171164076 1171166741
1171208086 1171217094
1171219355 1171284208
1171290228 1171300944
1171324465 1171326992
1171327999 1171329199
1171331873 1171375243
1171375655 1171376550
1171377389 1171378051
1171378501 1171381588
1171382080 1171386522
1171388170 1171392584
1171394973 1171402161
1171402285 1171402972
1171403080 1171431030
1171442112 1171453417
1171462616 1171529220
1171529390 1171529645
1171531847 1171618584
1171620863 1171629787
1171636468 1171637007
1171644002 1171646616
1171657066 1171666295
1171672884 1171683060
1171685589 1171697059
1171700304 1171710460
1171714109 1171722309
1171745142 1171752777
1171755409 1171782384
1171784944 1171787501
1171789508 1171789963
1171792530 1171795511
1171797991 1171798098
1171800576 1171817988
1171824176 1171829701
1171851646 1171863774
1171872951 1171907092
1171907368 1171922674
1171924947 1171935304
1171941056 1171957195
1171958822 1171974803
1171978557 1171991972
1172024211 1172041728
1172041773 1172043399
1172043403 1172046890
1172058407 1172062779
1172071228 1172075434
1172080956 1172083127
1172083221 1172085000
1172088146 1172090423
1172093111 1172134323
1172138843 1172141666
1172146372 1172152802
1172154191 1172155614
1172162806 1172209770
1172214924 1172223895
1172228913 1172270917
1172270921 1172276821
1172276825 1172291457
1172297382 1172329436
1172362758 1172370989
1172371033 1172376215
1172382122 1172387194
1172388887 1172395489
1172395494 1172396324
1172397674 1172402517
1172402523 1172404228
1172410623 1172418810
1172425479 1172425773
1172425779 1172431156
1172447521 1172447703
1172448396 1172448821
1172448830 1172457783
1172460360 1172463759
1172470244 1172472785
1172476825 1172486013
1172486085 1172490026
1172496535 1172499451
1172523847 1172534016
1172535732 1172535857
1172536173 1172552345
1172554338 1172564416
1172570859 1172594834
1172602121 1172602716
1172602729 1172606424
1172615950 1172616282
1172619713 1172634627
1172634648 1172634662
1172634666 1172634681
1172634684 1172634698
1172634704 1172635040
1172642752 1172643341
1172644109 1172688161
1172695539 1172709598
1172712319 1172724659
1172728123 1172732295
1172735065 1172740729
1172746631 1172746666
1172753092 1172758311
1172759186 1172785517
1172803549 1172812065
1172819075 1172822367
1172826755 1172835843
1172835864 1172844087
1172844091 1172847946
1172847951 1172849131
1172878403 1172934075
1172965990 1172973746
1172977289 1172979423
1172986826 1172987464
1172987697 1173013560
1173038705 1173053149
1173054795 1173054841
1173059279 1173059715
1173059745 1173060210
1173061369 1173070650
1173075303 1173076079
1173076323 1173097632
1173102686 1173113944
1173116983 1173121408
1173141413 1173141780
1173141795 1173165552
1173171307 1173171603
1173171732 1173187652
1173194526 1173194887
1173196986 1173203038
1173203115 1173203660
1173207542 1173231577
1173233419 1173233454
1173233674 1173267230
1173269807 1173272929
1173272996 1173297618
1173352101 1173354361
1173354433 1173355387
1173360546 1173360746
1173393944 1173400844
1173408457 1173414733
1173423236 1173469551
1173472731 1173500025
1173505952 1173524175
1173527274 1173535269
1173573161 1173574005
1173579478 1173579561
1173579621 1173580473
1173585061 1173587079
1173587161 1173589107
1173591039 1173593675
1173595651 1173607280
1173611350 1173616737
1173641573 1173643599
1173644421 1173653021
1173659736 1173673886
1173673889 1173715470
1173715621 1173715856
1173716136 1173716438
1173716863 1173716911
1173720338 1173729833
1173729937 1173750209
1173753147 1173807041
1173812946 1173826277
1173826677 1173843999
1173847353 1173850108
1173853066 1173855162
1173855209 1173856825
1173859324 1173900023
1173900028 1173900481
1173900495 1173901324
1173901327 1173901843
1173901851 1173901946
1173901963 1173902017
1173906065 1173906375
1173906378 1173906418
1173906421 1173906580
1173906586 1173906717
1173906722 1173906785
1173919283 1173976546
1173985627 1173989051
1173989202 1173997194
1173997282 1174006249
1174006377 1174063138
1174065526 1174065547
1174069842 1174069983
1174074153 1174124159
1174127498 1174130423
1174132293 1174133481
1174133578 1174140255
1174172664 1174178893
1174180951 1174183658
1174192897 1174240984
1174257202 1174261927
1174265122 1174272527
1174355832 1174356388
1174356406 1174382465
1174388993 1174404643
1174407251 1174420517
1174423591 1174424386
1174424391 1174445831
1174449013 1174467894
1174471589 1174490438
1174493345 1174525560
1174536556 1174556510
1174559560 1174563059
1174564400 1174603976
1174603981 1174617878
1174617883 1174642669
1174644173 1174648294
1174659927 1174683222
1174685836 1174694542
1174694972 1174695150
1174697358 1174701495
1174701583 1174711372
1174713646 1174716299
1174718427 1174744823
1174770807 1174775677
1174778291 1174786997
1174787000 1174796291
1174816071 1174817126
1174819583 1174821274
1174821442 1174822486
1174822763 1174830982
1174881173 1174882761
1174885769 1174900383
1174924959 1174936629
1174939088 1174951189
1174953065 1174963250
1174966644 1174989107
1174991938 1175005926
1175008118 1175017888
1175026688 1175048869
1175056351 1175056384
1175056599 1175070328
1175070333 1175076776
1175081139 1175092749
1175095355 1175110716
1175114441 1175115502
1175124886 1175185598
1175188916 1175213494
1175226677 1175241282
1175255184 1175270151
1175272978 1175278307
1175291560 1175305940
1175308140 1175346161
1175388228 1175389788
1175390316 1175407681
1175417492 1175437176
1175440954 1175458673
1175459074 1175474176
1175474342 1175482205
1175555221 1175557562
1175559005 1175572254
1175572259 1175572287
1175576524 1175576576
1175576622 1175577659
1175577776 1175577936
1175578374 1175590797
1175592589 1175607109
1175608136 1175608437
1175613243 1175622299
1175650660 1175653526
1175653829 1175661471
1175661481 1175661948
1175664976 1175674868
1175681748 1175693186
1175696778 1175705334
1175707282 1175713574
1175713728 1175713874
1175714159 1175714174
1175714374 1175726426
1175730458 1175761375
1175763831 1175771194
1175773802 1175787563
1175789870 1175805747
1175809044 1175826548
1175829134 1175861674
1175864788 1175882057
1175882060 1175894543
1175897248 1175901242
1175902743 1175902789
1175909208 1175920863
1175924117 1175925000
1175927595 1175948590
1175951741 1175954196
1175954247 1175954431
1175981917 1175982706
1175983235 1175983414
1175987395 1175993267
1175995756 1176000781
1176003152 1176028294
1176032010 1176048028
1176161620 1176192490
1176196962 1176214180
1176215135 1176240003
1176240820 1176241232
1176241237 1176243552
1176246668 1176255831
1176258789 1176262900
1176268869 1176280677
1176289703 1176294579
1176300438 1176339845
1176342083 1176350520
1176352584 1176354728
1176354733 1176372436
1176372441 1176382475
1176383458 1176423307
1176425312 1176441422
1176450892 1176457884
1176457887 1176472218
1176476388 1176489505
1176497738 1176516597
1176519221 1176531370
1176533646 1176553681
1176595909 1176596022
1176598973 1176607332
1176610158 1176622773
1176625570 1176652815
1176678428 1176680834
1176684418 1176696387
1176698656 1176698880
1176698950 1176703191
1176705965 1176722647
1176724498 1176739227
1176755416 1176764180
1176764855 1176767385
1176767393 1176767419
1176767447 1176767469
1176767472 1176767534
1176767545 1176767566
1176767571 1176777855
1176785219 1176785302
1176785328 1176803521
1176803525 1176810803
1176812779 1176841982
1176846829 1176847620
1176848017 1176858685
1176860567 1176886853
1176889023 1176902816
1176907017 1176922460
1176922523 1176926963
1176926967 1176952447
1176959198 1177018950
1177026931 1177049130
1177051499 1177064294
1177074904 1177083491
1177083494 1177105788
1177123638 1177164045
1177209928 1177223289
1177225927 1177258285
1177281675 1177329082
1177331083 1177333842
1177369166 1177369720
1177370097 1177382912
1177382916 1177392010
1177394966 1177395200
1177395218 1177406716
1177409568 1177418665
1177434059 1177435020
1177435266 1177447335
1177520517 1177541567
1177654218 1177656078
1177658599 1177672779
1177733104 1177768901
1177796488 1177803870
1177811844 1177821009
1177824248 1177825125
1177839274 1177859718
1177877720 1177884996
1177980928 1177982476
1177985612 1177988566
1178019621 1178027601
1178029475 1178031433
1178066632 1178067033
1178072059 1178084106
1178086459 1178088581
1178090001 1178090169
1178106585 1178109462
1178112707 1178140496
1178145824 1178193204
1178196598 1178209031
1178209135 1178254015
1178270017 1178285782
1178287458 1178287615
1178287653 1178290827
1180982427 1180995429
1180998098 1181022600
1181030211 1181030945
1181048067 1181057421
1181092533 1181107145
1181113757 1181138186
1181144004 1181156249
1181173207 1181210134
1181239270 1181251370
1181254355 1181285196
1181290874 1181307521
1181326467 1181351746
1181355211 1181365061
1181383199 1181386009
1181390201 1181392342
1181445242 1181450466
1181453122 1181454558
1181454858 1181458095
1181476975 1181477146
1181477169 1181477595
1181480214 1181490871
1181500458 1181520526
1181529457 1181577191
1181577314 1181580023
1181615025 1181629244
1181640960 1181641666
1181641724 1181641965
1181642327 1181642505
1181642687 1181644122
1181644589 1181650170
1181650232 1181656290
1181656352 1181659530
1181659652 1181660987
1181666519 1181681075
1181681175 1181689072
1181692784 1181696938
1181697011 1181730817
1181767804 1181776118
1181779897 1181845005
1181849087 1181851859
1181859927 1181889848
1181896061 1181909722
1181911831 1181922638
1181922643 1181927860
1181953924 1181977614
1181981351 1181981432
1181985023 1181985668
1181998224 1182002505
1182212338 1182214344
1182215942 1182216192
1182216262 1182312477
1182319864 1182320009
1182320161 1182334732
1182337376 1182350175
1182353472 1182373478
1182375877 1182402820
1182405092 1182422272
1182424945 1182425088
1182425134 1182426062
1182427667 1182450914
1182460210 1182466732
1182468834 1182471466
1182474765 1182478039
1182483642 1182493243
1182500508 1182513308
1182524551 1182532815
1182537957 1182538730
1182540817 1182553786
1182555706 1182558443
1182583306 1182587249
1182604435 1182607274
1182640082 1182640250
1182648964 1182653017
1182657346 1182666816
1182670056 1182710105
1182710222 1182712423
1182712428 1182712445
1182718675 1182726561
1182726727 1182727538
1182727985 1182732811
1182738991 1182803613
1182803682 1182817363
1182817425 1182817783
1182817905 1182818743
1182818865 1182822816
1182835120 1182835241
1182835363 1182835421
1182835483 1182835541
1182835663 1182835841
1182836323 1182836381
1182836443 1182836501
1182836623 1182836801
1182836863 1182839696
1182839718 1182844687
1182851501 1182876756
1182878246 1182879744
1182879817 1182882985
1182890632 1182893526
1182893542 1182897723
1182908130 1182968079
1182978695 1182980413
1182991237 1182992669
1182994807 1182998512
1183000567 1183000953
1183003351 1183008871
1183012260 1183086109
1183090385 1183093427
1183101807 1183144268
1183147187 1183161428
1183164670 1183175579
1183175767 1183194808
1183197227 1183207449
1183211488 1183220807
1183226557 1183241629
1183244426 1183246624
1183246629 1183273715
1183278027 1183298457
1183324521 1183335264
1183336511 1183337172
1183337294 1183338263
1183344638 1183357910
1184033242 1184072323
1184098613 1184098651
1184098682 1184101352
1184101629 1184102995
1184103004 1184107052
1184151851 1184202810
1184204774 1184212989
1184462589 1184475182
1184479454 1184528380
1184537239 1184538428
1184538454 1184539877
1184540346 1184558101
1184563528 1184566384
1184568203 1184577383
1184581367 1184604591
1184608169 1184608485
1184610650 1184612256
1184612308 1184612976
1184615862 1184616790
1184616815 1184625908
1184649127 1184682939
1184687957 1184688494
1184688522 1184689546
1184689572 1184702340
1184720647 1184723915
1184723977 1184734465
1184738830 1184753291
1184753353 1184753513
1184766955 1184767133
1184767435 1184767613
1184767675 1184769173
1184780374 1184784541
1184795014 1184796474
1184798168 1184812365
1184843192 1184854322
1184857171 1184864855
1184867935 1184914218
1184916934 1184926573
1184930843 1184975570
1184979979 1184980231
1184982454 1185009050
1185083107 1185094268
1185094510 1185097448
1185097690 1185098048
1185098110 1185098168
1185098230 1185098288
1185098350 1185099008
1185099070 1185099188
1185099250 1185099308
1185099490 1185099608
1185099670 1185100448
1185100510 1185102411
1185144020 1185154003
1185157517 1185160868
1185179708 1185209254
1185211294 1185212379
1185244711 1185258236
1185258285 1185307302
1185335783 1185380559
1185383184 1185395109
1185422901 1185439744
1185439796 1185454497
1185456524 1185480149
1185502747 1185509870
1185511782 1185566556
1185582177 1185583816
1185583941 1185608718
1185615255 1185631465
1185657014 1185657618
1185658407 1185661973
1185663127 1185667694
1185667826 1185686035
1185688134 1185692842
1185695189 1185703715
1185706914 1185714093
1185717215 1185725680
1185752705 1185764509
1185766529 1185813600
1185834867 1185841804
1185844432 1185852415
1185859580 1185877297
1185885164 1185898649
1185908559 1185909696
1185911564 1185912267
1185917125 1185917208
1185919460 1185919620
1185919762 1185924698
1185927698 1185927743
1185928396 1185935428
1185938680 1185961200
1185963702 1185999074
1186004399 1186054457
1186058186 1186058240
1186058514 1186061163
1186063034 1186081491
1186091993 1186095020
1186097764 1186097840
1186099169 1186099200
1186099446 1186107557
1186108973 1186119405
1186124881 1186181960
1186192128 1186192196
1186192240 1186201219
1186203525 1186235394
1186295199 1186295229
1186295255 1186304054
1186307188 1186329783
1186352759 1186418824
1186447249 1186460391
1186461995 1186490403
1186492566 1186499610
1186525344 1186528322
1186531499 1186546594
1186549119 1186561208
1186567619 1186609762
1186642720 1186664342
1186670799 1186676273
1186678230 1186679835
1186683875 1186694318
1186696765 1186707549
1186711427 1186719874
1186724287 1186733720
1186735558 1186767946
1186772314 1186818067
1186823504 1186825265
1186825447 1186840847
1186876230 1186876539
1186879267 1186893397
1186896968 1186939867
1186953207 1187001382
1187004231 1187004416
1187004571 1187018570
1187020364 1187020428
1187020516 1187020665
1187021294 1187021342
1187021436 1187021509
1187021619 1187021749
1187023761 1187039542
1187041964 1187048797
1187050774 1187052164
1187053503 1187053568
1187053824 1187061743
1187083265 1187124167
1187127590 1187141918
1187144138 1187144699
1187150554 1187225084
1187227274 1187232087
1187242937 1187243529
1187247857 1187276788
1187278805 1187278848
1187278947 1187300383
1187305202 1187307747
1187310866 1187312020
1187313590 1187353743
1187357038 1187360176
1187366372 1187440026
1187441995 1187443322
1187483747 1187494760
1187499245 1187517063
1187524296 1187592904
1187592909 1187600980
1187605759 1187605809
1187606124 1187606810
1187609753 1187617289
1187618772 1187618816
1187619107 1187619133
1187619155 1187627224
1187634944 1187651493
1187652925 1187656721
1187681297 1187681350
1187681366 1187693287
1187695573 1187733618
