1164600798 1164608249 7451
1164608439 1164610090 1651
1164611356 1164611719 363
1164613150 1164616194 3044
1164629978 1164635957 5979
1164659792 1164660707 915
1164660761 1164667796 7035
1164683450 1164686894 3444
1164686980 1164710980 24000
1164711303 1164720685 9382
1164736111 1164737113 1002
1164737232 1164740200 2968
1164753654 1164755129 1475
1164755238 1164756402 1164
1164756507 1164760102 3595
1164761663 1164763765 2102
1164763834 1164774480 10646
1164777979 1164782044 4065
1164786174 1164791076 4902
1164791284 1164793474 2190
1164801979 1164806026 4047
1164806060 1164812487 6427
1164815678 1164816995 1317
1164817019 1164818178 1159
1164820073 1164823070 2997
1164823148 1164825365 2217
1164825427 1164826375 948
1164828947 1164829601 654
1164829660 1164833250 3590
1165040725 1165042192 1467
1165066858 1165071619 4761
1165116074 1165116236 162
1165116666 1165117341 675
1165117372 1165136316 18944
1165142625 1165155680 13055
1165155713 1165161120 5407
1165161145 1165178866 17721
1165178912 1165185024 6112
1165185073 1165191617 6544
1165192405 1165197628 5223
1165207772 1165208522 750
1165209612 1165211010 1398
1165221481 1165227389 5908
1165230001 1165240613 10612
1165297399 1165302020 4621
1165309309 1165309750 441
1165341233 1165343062 1829
1165372471 1165374015 1544
1165374045 1165376273 2228
1165386016 1165416474 30458
1165441712 1165445043 3331
1165447750 1165448948 1198
1165449277 1165449439 162
1165453813 1165456308 2495
1165459284 1165459456 172
1165459636 1165462285 2649
1165464542 1165465525 983
1165471953 1165473447 1494
1165482093 1165486466 4373
1165495989 1165497687 1698
1165502899 1165502930 31
1165531976 1165533085 1109
1165536836 1165537764 928
1165560594 1165571297 10703
1165578348 1165591465 13117
1165593872 1165594445 573
1165597230 1165598115 885
1165603224 1165603723 499
1165605234 1165610163 4929
1165618019 1165624794 6775
1165626216 1165645269 19053
1165654829 1165671634 16805
1165702041 1165702622 581
1165703032 1165715194 12162
1165715238 1165717873 2635
1165727470 1165728493 1023
1165728659 1165729091 432
1165729207 1165730209 1002
1165730234 1165754540 24306
1165759716 1165760979 1263
1165764860 1165765378 518
1165766259 1165769593 3334
1165776566 1165786184 9618
1165786330 1165786492 162
1165786675 1165786877 202
1165787359 1165789191 1832
1165791476 1165799777 8301
1165799973 1165819025 19052
1165822243 1165852715 30472
1165853120 1165855614 2494
1165866335 1165879416 13081
1165889252 1165901541 12289
1165901910 1165923570 21660
1165929966 1165930210 244
1165930321 1165937061 6740
1165942403 1165949510 7107
1165955114 1165956611 1497
1165956777 1165981018 24241
1165986540 1165987876 1336
1165989597 1165990324 727
1165990478 1165990560 82
1165992232 1165992884 652
1165994151 1165994759 608
1165996952 1165997696 744
1165999735 1166000631 896
1166221127 1166222964 1837
1166226890 1166228540 1650
1166232690 1166234248 1558
1166235270 1166236067 797
1166240867 1166244081 3214
1166259639 1166260332 693
1166262094 1166262272 178
1166264370 1166264830 460
1166272517 1166273627 1110
1166306131 1166307931 1800
1166309442 1166309616 174
1166336075 1166337588 1513
1166338850 1166342769 3919
1166344947 1166345560 613
1166358432 1166360595 2163
1166362905 1166364478 1573
1166365853 1166368397 2544
1166387687 1166394978 7291
1166395041 1166395076 35
1166398862 1166402755 3893
1166405054 1166411327 6273
1166413502 1166414886 1384
1166426886 1166460326 33440
1166463653 1166464142 489
1166466831 1166482852 16021
1167536690 1167572316 35626
1167572321 1167576840 4519
1167587310 1167591498 4188
1167593833 1167598963 5130
1167599427 1167630075 30648
1167634198 1167645302 11104
1167654188 1167654612 424
1167656537 1167664843 8306
1167667787 1167668648 861
1167679036 1167680982 1946
1167684166 1167685969 1803
1167690131 1167699195 9064
1167710133 1167713997 3864
1167715531 1167720775 5244
1167724103 1167731830 7727
1167734564 1167736768 2204
1167740300 1167744532 4232
1167751200 1167751304 104
1167940598 1167942010 1412
1167943498 1167949644 6146
1167980368 1167981251 883
1167982057 1167982663 606
1167983362 1167997478 14116
1168008928 1168009043 115
1168042715 1168065110 22395
1168127735 1168141494 13759
1168148086 1168187042 38956
1168212097 1168212380 283
1168217487 1168227039 9552
1168231023 1168253752 22729
1168257979 1168258402 423
1168259346 1168259516 170
1168259973 1168262270 2297
1168262314 1168274142 11828
1168277986 1168278681 695
1168278794 1168281600 2806
1168281758 1168283394 1636
1168286756 1168287443 687
1168287561 1168287780 219
1168287894 1168288108 214
1168288139 1168288688 549
1168290926 1168291355 429
1168298003 1168324634 26631
1168331937 1168362854 30917
1168366010 1168368712 2702
1168378751 1168411186 32435
1168419422 1168445947 26525
1168453726 1168456926 3200
1168459247 1168459772 525
1168459825 1168474983 15158
1168481418 1168483582 2164
1168483630 1168500203 16573
1168503886 1168566144 62258
1168566149 1168568054 1905
1168576188 1168610501 34313
1168620770 1168621866 1096
1168625944 1168627498 1554
1168629287 1168630463 1176
1168630491 1168631784 1293
1168632102 1168637878 5776
1168649718 1168679563 29845
1168693442 1168700397 6955
1168723197 1168734519 11322
1168734539 1168739180 4641
1168739185 1168752591 13406
1168761225 1168772275 11050
1168780916 1168784606 3690
1168788899 1168797799 8900
1168802427 1168802834 407
1168802872 1168845692 42820
1168849539 1168878579 29040
1168878951 1168883627 4676
1168883782 1168903463 19681
1168921414 1168940100 18686
1168949380 1169015393 66013
1169018806 1169018880 74
1169019044 1169024592 5548
1169035392 1169095521 60129
1169207704 1169218062 10358
1169237108 1169237834 726
1169238943 1169241014 2071
1169241199 1169249464 8265
1169256223 1169274709 18486
1169281203 1169289495 8292
1169298789 1169305198 6409
1169347048 1169353719 6671
1169353880 1169370308 16428
1169375326 1169376328 1002
1169377879 1169378611 732
1169385856 1169386921 1065
1169477757 1169477957 200
1169487936 1169489567 1631
1169498029 1169499410 1381
1169501179 1169503929 2750
1169504719 1169547547 42828
1169548287 1169564005 15718
1169570984 1169574220 3236
1169581340 1169584818 3478
1169590978 1169601817 10839
1169605235 1169616026 10791
1169619328 1169656065 36737
1169664796 1169664928 132
1169674408 1169675640 1232
1169679456 1169680643 1187
1169685684 1169695954 10270
1169701249 1169738875 37626
1169778870 1169798047 19177
1169803376 1169820366 16990
1169825556 1169838186 12630
1169843790 1169859173 15383
1169866552 1169908883 42331
1169949030 1170003158 54128
1170011703 1170013140 1437
1170020183 1170022006 1823
1170032709 1170032939 230
1170039806 1170043116 3310
1170047738 1170048670 932
1170049446 1170081383 31937
1170086462 1170118554 32092
1170122736 1170130731 7995
1170131950 1170134371 2421
1170140105 1170145789 5684
1170145965 1170172048 26083
1170197304 1170197756 452
1170197991 1170232509 34518
1170233127 1170255322 22195
1170284489 1170318828 34339
1170318832 1170329012 10180
1170338303 1170342744 4441
1170343308 1170356098 12790
1170360909 1170368062 7153
1170370056 1170382168 12112
1170382709 1170386755 4046
1170386802 1170387500 698
1170387668 1170391603 3935
1170408845 1170412534 3689
1170412718 1170417427 4709
1170427099 1170436244 9145
1170439063 1170440387 1324
1170444089 1170444542 453
1170462330 1170462762 432
1170462776 1170481938 19162
1170489012 1170512877 23865
1170577396 1170577626 230
1170577683 1170600465 22782
1170602950 1170615326 12376
1170618970 1170642623 23653
1170645534 1170654624 9090
1170658496 1170672366 13870
1170676376 1170689746 13370
1170695466 1170700523 5057
1170703541 1170704557 1016
1170708765 1170772986 64221
1170786160 1170789019 2859
1170789520 1170827655 38135
1170831583 1170855235 23652
1170860376 1170896413 36037
1170899355 1170947955 48600
1170951144 1170977665 26521
1170981075 1171006987 25912
1171010458 1171030633 20175
1171030721 1171102345 71624
1171105409 1171114633 9224
1171153686 1171166741 13055
1171208086 1171219007 10921
1171219355 1171301364 82009
1171321253 1171326992 5739
1171327999 1171329199 1200
1171331741 1171331809 68
1171331818 1171375243 43425
1171375655 1171376550 895
1171377389 1171378051 662
1171378501 1171381588 3087
1171382080 1171386522 4442
1171388170 1171453417 65247
1171462616 1171629787 167171
1171634336 1171646616 12280
1171657066 1171666295 9229
1171672884 1171697059 24175
1171700304 1171710460 10156
1171714109 1171722309 8200
1171744636 1171752777 8141
1171755409 1171782384 26975
1171784944 1171787501 2557
1171789508 1171789963 455
1171792530 1171795511 2981
1171797991 1171798098 107
1171800576 1171817988 17412
1171824176 1171829701 5525
1171851646 1171863774 12128
1171868706 1171871525 2819
1171871738 1171907092 35354
1171907368 1171935304 27936
1171941056 1171957195 16139
1171958822 1171975835 17013
1171978185 1171991972 13787
1172020436 1172041728 21292
1172041773 1172043399 1626
1172043403 1172063929 20526
1172071228 1172075434 4206
1172080956 1172083127 2171
1172083221 1172085000 1779
1172088146 1172090423 2277
1172093111 1172134323 41212
1172138843 1172141666 2823
1172146372 1172155614 9242
1172162806 1172209770 46964
1172214924 1172223895 8971
1172228913 1172291457 62544
1172297382 1172329436 32054
1172354256 1172356441 2185
1172362557 1172376215 13658
1172382122 1172387194 5072
1172388887 1172396324 7437
1172397674 1172406123 8449
1172408800 1172418810 10010
1172425479 1172431626 6147
1172432425 1172433887 1462
1172447521 1172448821 1300
1172448830 1172457783 8953
1172460360 1172486013 25653
1172486085 1172490026 3941
1172496535 1172499451 2916
1172523847 1172534016 10169
1172535732 1172535857 125
1172536173 1172552345 16172
1172554338 1172564416 10078
1172570859 1172594834 23975
1172602121 1172607289 5168
1172615950 1172616282 332
1172619713 1172635040 15327
1172642565 1172688161 45596
1172695539 1172746666 51127
1172752616 1172785517 32901
1172803549 1172847946 44397
1172847951 1172849131 1180
1172878403 1172934075 55672
1172965990 1172979423 13433
1172984678 1173013560 28882
1173038705 1173053149 14444
1173054795 1173097632 42837
1173102686 1173113944 11258
1173116983 1173121408 4425
1173136429 1173141780 5351
1173141795 1173187652 45857
1173194526 1173194887 361
1173196986 1173203038 6052
1173203115 1173267230 64115
1173269807 1173272929 3122
1173272996 1173297618 24622
1173352101 1173354361 2260
1173354433 1173355387 954
1173360546 1173360746 200
1173393944 1173402761 8817
1173408457 1173414733 6276
1173420628 1173469551 48923
1173472731 1173500025 27294
1173505952 1173524175 18223
1173527274 1173535269 7995
1173556424 1173557900 1476
1173557997 1173574339 16342
1173577171 1173579561 2390
1173579621 1173583179 3558
1173585061 1173587079 2018
1173587161 1173589107 1946
1173591039 1173607280 16241
1173611350 1173616737 5387
1173641237 1173654276 13039
1173659736 1173716911 57175
1173720338 1173729833 9495
1173729937 1173843999 114062
1173847353 1173850108 2755
1173853066 1173855162 2096
1173855209 1173902418 47209
1173902420 1173976546 74126
1173985627 1173989051 3424
1173989202 1173997194 7992
1173997282 1174006249 8967
1174006377 1174124159 117782
1174127498 1174130423 2925
1174132293 1174133481 1188
1174133578 1174140255 6677
1174168113 1174169373 1260
1174172664 1174178893 6229
1174180951 1174183658 2707
1174185376 1174240984 55608
1174256803 1174317012 60209
1174355714 1174356388 674
1174356406 1174382465 26059
1174388047 1174404643 16596
1174407251 1174420517 13266
1174423591 1174467894 44303
1174471589 1174490438 18849
1174493345 1174527635 34290
1174536556 1174556510 19954
1174559560 1174563059 3499
1174564400 1174642669 78269
1174644173 1174648294 4121
1174659927 1174683719 23792
1174685836 1174694542 8706
1174694972 1174695150 178
1174697358 1174711372 14014
1174713646 1174744823 31177
1174769075 1174796478 27403
1174814314 1174836324 22010
1174867032 1174867949 917
1174869441 1174900383 30942
1174924959 1174936629 11670
1174939088 1174951189 12101
1174953065 1174963250 10185
1174966644 1174989107 22463
1174991938 1175005926 13988
1175008118 1175017888 9770
1175026688 1175053199 26511
1175056351 1175056384 33
1175056599 1175070328 13729
1175070333 1175110716 40383
1175114441 1175115502 1061
1175124886 1175213494 88608
1175226677 1175241282 14605
1175255184 1175270151 14967
1175272978 1175278307 5329
1175291560 1175305940 14380
1175308140 1175349595 41455
1175372072 1175381527 9455
1175388228 1175407681 19453
1175417492 1175437176 19684
1175440954 1175474176 33222
1175474342 1175482205 7863
1175553513 1175557562 4049
1175559005 1175590797 31792
1175592589 1175629793 37204
1175635488 1175635671 183
1175640228 1175640601 373
1175643634 1175645341 1707
1175645376 1175674868 29492
1175681748 1175693186 11438
1175696778 1175705334 8556
1175707282 1175713574 6292
1175713728 1175713874 146
1175714159 1175714174 15
1175714374 1175726426 12052
1175730458 1175761375 30917
1175763831 1175771194 7363
1175773802 1175787563 13761
1175789870 1175805747 15877
1175809044 1175826548 17504
1175828407 1175861674 33267
1175864788 1175894543 29755
1175897248 1175901242 3994
1175902743 1175902789 46
1175909208 1175948590 39382
1175951741 1175954431 2690
1175980377 1175993267 12890
1175995756 1176028294 32538
1176032010 1176048028 16018
1176161620 1176192490 30870
1176196962 1176214180 17218
1176215135 1176240003 24868
1176240820 1176241232 412
1176241237 1176243552 2315
1176246668 1176280677 34009
1176289703 1176294579 4876
1176300438 1176339845 39407
1176342083 1176354728 12645
1176354733 1176382475 27742
1176383458 1176423307 39849
1176425312 1176441422 16110
1176450892 1176457884 6992
1176457887 1176472218 14331
1176476388 1176489505 13117
1176496878 1176516597 19719
1176519221 1176531370 12149
1176533646 1176557698 24052
1176585368 1176590494 5126
1176592351 1176592384 33
1176592568 1176607332 14764
1176610158 1176652815 42657
1176678428 1176680834 2406
1176684418 1176696387 11969
1176698656 1176698880 224
1176698950 1176722647 23697
1176724498 1176739227 14729
1176755292 1176777855 22563
1176785219 1176785302 83
1176785328 1176810803 25475
1176812779 1176841982 29203
1176846829 1176847620 791
1176848017 1176902816 54799
1176907017 1176922460 15443
1176922523 1176952447 29924
1176959198 1177018950 59752
1177026931 1177064294 37363
1177074904 1177083491 8587
1177083494 1177105788 22294
1177123638 1177164045 40407
1177182452 1177183150 698
1177198948 1177200200 1252
1177209928 1177223289 13361
1177225927 1177259186 33259
1177281675 1177342001 60326
1177367257 1177367300 43
1177369166 1177369720 554
1177370097 1177406716 36619
1177409568 1177447521 37953
1177520517 1177541567 21050
1177654218 1177656078 1860
1177658599 1177672779 14180
1177707013 1177707103 90
1177707141 1177712279 5138
1177714946 1177768901 53955
1177792304 1177792997 693
1177796015 1177803870 7855
1177811844 1177821009 9165
1177824248 1177825125 877
1177839274 1177859718 20444
1177877720 1177884996 7276
1177893338 1177893978 640
1177980928 1177982476 1548
1177985612 1177998922 13310
1178004281 1178014684 10403
1178018789 1178027601 8812
1178029475 1178031433 1958
1178063779 1178067033 3254
1178072059 1178084106 12047
1178086459 1178100327 13868
1178102162 1178109462 7300
1178112707 1178141834 29127
1178141839 1178143501 1662
1178145498 1178193204 47706
1178196598 1178285782 89184
1178287458 1178287615 157
1178287653 1178290827 3174
1179814065 1179815773 1708
1179815815 1179815946 131
1179816219 1179847707 31488
1179924383 1179931420 7037
1179939138 1179949995 10857
1179985854 1179985903 49
1179985936 1179986018 82
1179986063 1179989635 3572
1180002902 1180016748 13846
1180019369 1180019533 164
1180022221 1180022876 655
1180023714 1180030088 6374
1180037904 1180039136 1232
1180077202 1180105143 27941
1180162865 1180189764 26899
1180249596 1180249947 351
1180253450 1180274922 21472
1180276532 1180285162 8630
1180285216 1180295607 10391
1180312589 1180358872 46283
1180361159 1180364925 3766
1180364997 1180373277 8280
1180380952 1180394153 13201
1180403138 1180453443 50305
1180469585 1180476896 7311
1180494477 1180534856 40379
1180540157 1180580477 40320
1180580549 1180592345 11796
1180595083 1180602318 7235
1180604133 1180604451 318
1180606338 1180606464 126
1180606664 1180621835 15171
1180626117 1180684101 57984
1180685921 1180694257 8336
1180696179 1180698860 2681
1180701577 1180706966 5389
1180749549 1180751175 1626
1180763187 1180790064 26877
1180819260 1180821032 1772
1180822963 1180826602 3639
1180826728 1180849520 22792
1180853307 1180854433 1126
1180857787 1180859227 1440
1180862854 1180864272 1418
1180867984 1180869386 1402
1180875607 1180876926 1319
1180895028 1180901458 6430
1180901507 1180902262 755
1180914411 1181022600 108189
1181030211 1181030945 734
1181048067 1181074877 26810
1181092533 1181107145 14612
1181113757 1181138186 24429
1181144004 1181156249 12245
1181173207 1181210134 36927
1181239270 1181251370 12100
1181254355 1181285196 30841
1181290874 1181307521 16647
1181326467 1181351746 25279
1181355211 1181365061 9850
1181369967 1181392342 22375
1181397127 1181397785 658
1181442739 1181450466 7727
1181453122 1181458095 4973
1181476975 1181477146 171
1181477169 1181520526 43357
1181529457 1181582461 53004
1181605502 1181663061 57559
1181666519 1181689072 22553
1181692277 1181730817 38540
1181767804 1181776118 8314
1181779897 1181845005 65108
1181849087 1181851859 2772
1181859927 1181889848 29921
1181896061 1181922638 26577
1181922643 1181927860 5217
1181949710 1182002505 52795
1182212338 1182214344 2006
1182215942 1182216192 250
1182216262 1182312477 96215
1182319864 1182320009 145
1182320161 1182334732 14571
1182337376 1182350175 12799
1182353472 1182373478 20006
1182375877 1182422272 46395
1182424445 1182426062 1617
1182427667 1182450914 23247
1182460210 1182466732 6522
1182468834 1182513308 44474
1182524551 1182532815 8264
1182535166 1182538730 3564
1182540817 1182553786 12969
1182555706 1182558443 2737
1182560658 1182579770 19112
1182581902 1182607274 25372
1182636185 1182640250 4065
1182641967 1182666816 24849
1182670056 1182712445 42389
1182718675 1182732811 14136
1182738991 1182822816 83825
1182833352 1182879744 46392
1182879817 1182882985 3168
1182884867 1182888833 3966
1182890632 1182897723 7091
1182905895 1182980413 74518
1182991237 1182992669 1432
1182994807 1182998512 3705
1183000567 1183000953 386
1183003351 1183008871 5520
1183012260 1183093427 81167
1183101807 1183144268 42461
1183147187 1183194808 47621
1183197227 1183207449 10222
1183211488 1183220807 9319
1183226557 1183273715 47158
1183278027 1183298457 20430
1183324521 1183358155 33634
1183387940 1183403279 15339
1183411749 1183416366 4617
1183422224 1183479384 57160
1183488009 1183491390 3381
1183501794 1183581052 79258
1183585777 1183587875 2098
1183590032 1183592917 2885
1183594798 1183616178 21380
1183620776 1183654845 34069
1183656859 1183712930 56071
1183718435 1183738067 19632
1183741025 1183751764 10739
1183762077 1183762545 468
1183768249 1183793970 25721
1183808757 1183813454 4697
1183847323 1183849194 1871
1183856843 1183909816 52973
1183947019 1183953966 6947
1183997522 1184009745 12223
1184033242 1184102995 69753
1184103004 1184107085 4081
1184127622 1184137864 10242
1184140201 1184222699 82498
1184225096 1184243993 18897
1184245880 1184263389 17509
1184267244 1184292942 25698
1184296186 1184326021 29835
1184336564 1184346731 10167
1184364324 1184364904 580
1184365756 1184370374 4618
1184402109 1184421027 18918
1184456811 1184475182 18371
1184479454 1184528999 49545
1184537150 1184558101 20951
1184563528 1184608562 45034
1184610650 1184612976 2326
1184615477 1184625908 10431
1184649127 1184682939 33812
1184687957 1184688494 537
1184688522 1184689546 1024
1184689572 1184702343 12771
1184718283 1184734465 16182
1184738034 1184753513 15479
1184766645 1184769173 2528
1184780374 1184784541 4167
1184795014 1184796474 1460
1184798168 1184816439 18271
1184818767 1184914218 95451
1184916934 1184980231 63297
1184982454 1185011193 28739
1185013381 1185025671 12290
1185053344 1185055372 2028
1185062262 1185078061 15799
1185080138 1185116169 36031
1185116174 1185120855 4681
1185122754 1185134144 11390
1185136298 1185160868 24570
1185179708 1185209254 29546
1185211294 1185212379 1085
1185235872 1185307467 71595
1185324983 1185325056 73
1185325248 1185326277 1029
1185328213 1185380559 52346
1185383184 1185414753 31569
1185416509 1185419201 2692
1185419361 1185454497 35136
1185456524 1185493487 36963
1185499911 1185509870 9959
1185511782 1185567246 55464
1185582177 1185631465 49288
1185648024 1185686035 38011
1185688134 1185692842 4708
1185695189 1185703715 8526
1185706914 1185714093 7179
1185717215 1185725680 8465
1185749276 1185764509 15233
1185766529 1185813600 47071
1185828532 1185852415 23883
1185859580 1185877297 17717
1185885164 1185899378 14214
1185908256 1185909696 1440
1185911564 1185912267 703
1185915614 1185936846 21232
1185938680 1185961200 22520
1185963702 1185999074 35372
1186004399 1186054457 50058
1186058186 1186058240 54
1186058514 1186061163 2649
1186063034 1186095020 31986
1186097764 1186097840 76
1186099169 1186099200 31
1186099446 1186107557 8111
1186108973 1186119405 10432
1186124881 1186201219 76338
1186203525 1186235394 31869
1186262248 1186272461 10213
1186281181 1186304054 22873
1186307188 1186329803 22615
1186342315 1186418824 76509
1186434257 1186435954 1697
1186439064 1186439168 104
1186439384 1186460391 21007
1186461995 1186490403 28408
1186491849 1186502512 10663
1186525344 1186528322 2978
1186531499 1186561208 29709
1186567619 1186621174 53555
1186642632 1186668195 25563
1186670799 1186676273 5474
1186678230 1186679835 1605
1186683875 1186694318 10443
1186696765 1186707549 10784
1186711427 1186719874 8447
1186724287 1186733720 9433
1186735558 1186767946 32388
1186772314 1186818067 45753
1186823504 1186840847 17343
1186862417 1186866203 3786
1186869098 1186872861 3763
1186874761 1186876539 1778
1186879267 1186893397 14130
1186896968 1186941750 44782
1186953083 1187001382 48299
1187004231 1187004416 185
1187004571 1187039542 34971
1187041964 1187048797 6833
1187050774 1187052164 1390
1187053503 1187053568 65
1187053824 1187061743 7919
1187072749 1187074322 1573
1187076297 1187124167 47870
1187127590 1187141918 14328
1187144138 1187144699 561
1187150554 1187225084 74530
1187227274 1187244597 17323
1187247154 1187300383 53229
1187305202 1187307747 2545
1187310866 1187312020 1154
1187313590 1187353743 40153
1187357038 1187360176 3138
1187366372 1187443322 76950
1187470778 1187494760 23982
1187499245 1187517063 17818
1187524296 1187600980 76684
1187605724 1187617289 11565
1187618772 1187618816 44
1187619107 1187660674 41567
1187662235 1187664891 2656
1187666523 1187693287 26764
1187695573 1187733618 38045